1769520154504 0.8000313639640808 0
1769520169592 0.20479999482631683 50
1769520184639 0.20275485515594482 100
1769520199686 0.386331707239151 150
1769520214727 0.3535122573375702 200
1769520229755 0.3656511604785919 250
1769520244781 0.20549376308918 300
1769520259806 0.3726557493209839 350
1769520274858 0.1305403709411621 400
1769520289845 0.2974063754081726 450
1769520304811 0.17172354459762573 500
1769520319767 0.14470289647579193 550
1769520334724 0.21199458837509155 600
1769520349682 0.18071310222148895 650
1769520364639 0.06616295874118805 700
1769520379600 0.19195005297660828 750
1769520394594 0.11602874100208282 800
1769520409587 0.11940016597509384 850
1769520424580 0.15147605538368225 900
1769520439574 0.07634754478931427 950
1769520454566 0.11719553172588348 1000
1769520469560 0.08367927372455597 1050
1769520484536 0.17005427181720734 1100
1769520499501 0.1974060833454132 1150
1769520514466 0.0174635648727417 1200
1769520529419 0.14618365466594696 1250
1769520544378 0.11408759653568268 1300
1769520559331 0.12195762991905212 1350
1769520574285 0.06488960981369019 1400
1769520589238 0.009329810738563538 1450
1769520604193 0.030126333236694336 1500
1769520619146 0.02640785276889801 1550
1769520634103 0.06589974462985992 1600
1769520649059 0.06951695680618286 1650
1769520664023 0.21137110888957977 1700
1769520678982 0.021715447306632996 1750
1769520693939 0.11994918435811996 1800
1769520708898 0.04837453365325928 1850
1769520723855 0.05316728353500366 1900
1769520738810 0.13543583452701569 1950
1769520753764 0.11280865967273712 2000
1769520768721 0.012196093797683716 2050
1769520783677 0.12628377974033356 2100
1769520798650 0.11979725956916809 2150
1769520813637 0.09237882494926453 2200
1769520828612 0.17358091473579407 2250
1769520843572 0.002801865339279175 2300
1769520858533 0.11525851488113403 2350
1769520873496 0.18305703997612 2400
1769520888450 0.06660200655460358 2450
1769520903460 0.04466135799884796 2500
1769520918455 0.12254469841718674 2550
1769520933455 0.10088789463043213 2600
1769520948454 0.09950081259012222 2650
1769520963457 0.03786008059978485 2700
1769520978455 0.03776778280735016 2750
1769520993460 0.06264357268810272 2800
1769521070052 0.13174645602703094 2850
1769521084974 0.019784823060035706 2900
1769521099895 0.1727784126996994 2950
1769521114815 0.0030432194471359253 3000
1769521129738 0.14344319701194763 3050
1769521144659 0.12996187806129456 3100
1769521159577 0.005454912781715393 3150
1769521174500 0.12071739137172699 3200
1769521189420 0.15974725782871246 3250
1769521204341 0.07132421433925629 3300
1769521219262 0.05149145424365997 3350
1769521234185 0.0329817533493042 3400
1769521249105 0.16095635294914246 3450
1769521264056 0.05867863446474075 3500
1769521279042 0.0834575742483139 3550
1769521293995 0.0585719496011734 3600
1769521308948 0.032891035079956055 3650
1769521323897 0.005374878644943237 3700
1769521338849 0.09251546859741211 3750
1769521353802 0.044281333684921265 3800
1769521368755 0.05636255443096161 3850
1769521383705 0.04172736406326294 3900
1769521398638 0.0864369124174118 3950
1769521413557 0.10210774838924408 4000
1769521428480 0.09388342499732971 4050
1769521443422 0.17256933450698853 4100
1769521458342 0.02909572422504425 4150
1769521473261 0.16206637024879456 4200
1769521488182 0.035134464502334595 4250
1769521503100 0.011752471327781677 4300
1769521518019 0.00631888210773468 4350
1769521532938 0.03369806706905365 4400
1769521547868 0.13457930088043213 4450
1769521562788 0.07227447628974915 4500
1769521577881 0.07606182992458344 4550
1769521592805 0.006270408630371094 4600
1769521607725 0.058862537145614624 4650
1769521622651 0.07520830631256104 4700
1769521637575 0.07167637348175049 4750
1769521652498 0.01848149299621582 4800
1769521667471 0.02965274453163147 4850
1769521682436 0.056196168065071106 4900
1769521697391 0.06096869707107544 4950
1769521712348 0.07251444458961487 5000
1769521727304 0.01976090669631958 5050
1769521742264 0.05101621150970459 5100
1769521757222 0.0698208212852478 5150
1769521772181 0.04646657407283783 5200
1769521787131 0.059466809034347534 5250
1769521802053 0.10839129984378815 5300
1769521816975 0.12202925235033035 5350
1769521831899 0.054880931973457336 5400
1769521846818 0.09132233262062073 5450
1769521861738 0.04232986271381378 5500
1769521876716 0.1504574418067932 5550
1769521891637 0.03281429409980774 5600
1769521906610 0.013059407472610474 5650
1769521981035 0.05988219380378723 5700
1769521996024 0.048745155334472656 5750
1769522010983 0.08040007203817368 5800
1769522025946 0.09058278799057007 5850
1769522040908 0.07410963624715805 5900
1769522055871 0.1539432257413864 5950
1769522070858 0.03790080547332764 6000
1769522085904 0.14370834827423096 6050
1769522100911 0.06668783724308014 6100
1769522115917 0.05198162794113159 6150
1769522130920 0.10682322084903717 6200
1769522145923 0.14592695236206055 6250
1769522160924 0.17116545140743256 6300
1769522175928 0.0944175273180008 6350
1769522190929 0.01944349706172943 6400
1769522205905 0.1831786334514618 6450
1769522220855 0.030796319246292114 6500
1769522235801 0.01257053017616272 6550
1769522250755 0.02301870286464691 6600
1769522265709 0.06806159019470215 6650
1769522280666 0.025955110788345337 6700
1769522295619 0.039210446178913116 6750
1769522310570 0.11539776623249054 6800
1769522325524 0.0684465616941452 6850
1769522340475 0.025040671229362488 6900
1769522355427 0.005370393395423889 6950
1769522370386 0.01790650188922882 7000
1769522385336 0.04722920060157776 7050
1769522400285 0.006405740976333618 7100
1769522415237 0.0684899240732193 7150
1769522430188 0.008407250046730042 7200
1769522445141 0.04723973572254181 7250
1769522460091 0.08620571345090866 7300
1769522475042 0.009330421686172485 7350
1769522490043 0.03574034571647644 7400
1769522505069 0.048450082540512085 7450
1769522520069 0.003872320055961609 7500
1769522535063 0.12001177668571472 7550
1769522550055 0.008223697543144226 7600
1769522565046 0.022161439061164856 7650
1769522580037 0.06803145259618759 7700
1769522595034 0.005373105406761169 7750
1769522610024 0.017992019653320312 7800
1769522624990 0.016592368483543396 7850
1769522639947 0.10490810126066208 7900
1769522654904 0.01723267138004303 7950
1769522669861 0.04705849289894104 8000
1769522684814 0.012437582015991211 8050
1769522699771 0.04149460792541504 8100
1769522714743 0.005770593881607056 8150
1769522729699 0.0806809812784195 8200
1769522744656 0.06893978267908096 8250
1769522759666 0.1135413646697998 8300
1769522774636 0.08240664750337601 8350
1769522789591 0.06612367928028107 8400
1769522804558 0.015621870756149292 8450
1769522819512 0.048256292939186096 8500
1769522893904 0.04633870720863342 8550
1769522908897 0.06922350823879242 8600
1769522923858 0.017541736364364624 8650
1769522938818 0.00712275505065918 8700
1769522953781 0.049662381410598755 8750
1769522968750 0.06433302164077759 8800
1769522983712 0.049406811594963074 8850
1769522998678 0.13570357859134674 8900
1769523013638 0.01995815336704254 8950
1769523028591 0.0019846707582473755 9000
1769523043516 0.03237912058830261 9050
1769523058439 0.05752632021903992 9100
1769523073364 0.06592770665884018 9150
1769523088293 0.015667125582695007 9200
1769523103219 0.0935458242893219 9250
1769523118140 0.012789905071258545 9300
1769523133061 0.10755836218595505 9350
1769523147982 0.04758955538272858 9400
1769523162903 0.06033414602279663 9450
1769523177826 0.015293419361114502 9500
1769523192749 0.006279453635215759 9550
1769523207675 0.09352610260248184 9600
1769523222599 0.0017911642789840698 9650
1769523237520 0.018738210201263428 9700
1769523252445 0.006665781140327454 9750
1769523267366 0.0839054137468338 9800
1769523282287 0.06940460950136185 9850
1769523297209 0.014670997858047485 9900
1769523312186 0.1212739646434784 9950
1769523327876 0.17176419496536255 10000
1769523342836 0.04764331877231598 10050
1769523357843 0.02149169147014618 10100
1769523372797 0.06925614178180695 10150
1769523387755 0.040132589638233185 10200
1769523402709 0.005311325192451477 10250
1769523417662 0.0013589709997177124 10300
1769523432615 0.04666939377784729 10350
1769523447539 0.01654238998889923 10400
1769523462465 0.02471671998500824 10450
1769523477391 0.02010519802570343 10500
1769523492319 0.010559946298599243 10550
1769523507253 0.0029527992010116577 10600
1769523522192 0.030377298593521118 10650
1769523537132 0.08446614444255829 10700
1769523552071 0.012650683522224426 10750
1769523567022 0.05522553622722626 10800
1769523581962 0.14231353998184204 10850
1769523596908 0.03555591404438019 10900
1769523611849 0.005592867732048035 10950
1769523626791 0.03599707782268524 11000
1769523641733 0.02382810413837433 11050
1769523656698 0.12051026523113251 11100
1769523671680 0.020868048071861267 11150
1769523686644 0.11581198871135712 11200
1769523701611 0.031213968992233276 11250
1769523716576 0.0075966715812683105 11300
1769523792418 0.011194288730621338 11350
1769523807389 0.09783019125461578 11400
1769523822360 0.06400245428085327 11450
1769523837342 0.005654647946357727 11500
1769523852315 0.12068526446819305 11550
1769523867295 0.06276427209377289 11600
1769523882283 0.004843875765800476 11650
1769523897336 0.02549131214618683 11700
1769523912367 0.0035482943058013916 11750
1769523927370 0.004760339856147766 11800
1769523942370 0.07100436091423035 11850
1769523957372 0.0016092658042907715 11900
1769523972371 0.016092121601104736 11950
1769523987377 0.03185292333364487 12000
1769524002378 0.0012712031602859497 12050
1769524017381 0.03481627255678177 12100
1769524032347 0.05941712111234665 12150
1769524047306 0.022329360246658325 12200
1769524062272 0.0595843642950058 12250
1769524077230 0.038502633571624756 12300
1769524092190 0.005957365036010742 12350
1769524107150 0.022083163261413574 12400
1769524122113 0.026307128369808197 12450
1769524137075 0.009579256176948547 12500
1769524152036 0.016328945755958557 12550
1769524167002 0.014024585485458374 12600
1769524181984 0.005904167890548706 12650
1769524196991 0.015055269002914429 12700
1769524211949 0.021637573838233948 12750
1769524226910 0.0628146231174469 12800
1769524241870 0.0022219866514205933 12850
1769524256830 0.006545558571815491 12900
1769524271791 0.025277018547058105 12950
1769524286758 0.018563933670520782 13000
1769524301721 0.09006049484014511 13050
1769524316681 0.1245693489909172 13100
1769524331643 0.057168856263160706 13150
1769524346606 0.006482601165771484 13200
1769524361565 0.016077935695648193 13250
1769524376521 0.019303098320961 13300
1769524391481 0.06377018988132477 13350
1769524406441 0.03543206304311752 13400
1769524421403 0.09555952250957489 13450
1769524436366 0.020029187202453613 13500
1769524451331 0.015216737985610962 13550
1769524466296 0.008451670408248901 13600
1769524481258 0.042521387338638306 13650
1769524496223 0.03288930654525757 13700
1769524511183 0.009988963603973389 13750
1769524526145 0.09561296552419662 13800
1769524541103 0.01990191638469696 13850
1769524556062 0.01170244812965393 13900
1769524571024 0.1055406779050827 13950
1769524585989 0.07058340311050415 14000
1769524600948 0.011258617043495178 14050
1769524615905 0.04496484994888306 14100
1769524630878 0.0013353824615478516 14150
1769524705565 0.04768452048301697 14200
1769524720501 0.004329964518547058 14250
1769524735433 0.09654834866523743 14300
1769524750363 0.10000063478946686 14350
1769524765292 0.03679308295249939 14400
1769524780222 0.018237262964248657 14450
1769524795151 0.04456642270088196 14500
1769524810077 0.0061384886503219604 14550
1769524825005 0.01788266748189926 14600
1769524839931 0.03894245624542236 14650
1769524854856 0.005492866039276123 14700
1769524869781 0.008989185094833374 14750
1769524884706 0.03715428709983826 14800
1769524899632 0.09792301803827286 14850
1769524914562 0.0462619811296463 14900
1769524929493 0.020686402916908264 14950
1769524944430 0.017289578914642334 15000
1769524959358 0.04132018983364105 15050
1769524974288 0.01119852066040039 15100
1769524989222 0.001958027482032776 15150
1769525004157 0.030867107212543488 15200
1769525019089 0.04132530093193054 15250
1769525034020 0.05054932087659836 15300
1769525048955 0.03775344789028168 15350
1769525063886 0.07058809697628021 15400
1769525078816 0.0009849071502685547 15450
1769525093743 0.02524697780609131 15500
1769525108671 0.01303941011428833 15550
1769525123600 0.01201552152633667 15600
1769525138533 0.05239415913820267 15650
1769525153466 0.025251314043998718 15700
1769525168393 0.05612872540950775 15750
1769525183319 0.05858461558818817 15800
1769525198248 0.030701160430908203 15850
1769525213176 0.03528359532356262 15900
1769525228106 0.06995725631713867 15950
1769525243032 0.0034360289573669434 16000
1769525257964 0.004719585180282593 16050
1769525272893 0.02107715606689453 16100
1769525287824 0.06188901513814926 16150
1769525302758 0.012182414531707764 16200
1769525317687 0.08612537384033203 16250
1769525332618 0.08605985343456268 16300
1769525347546 0.04410357028245926 16350
1769525362474 0.03790000081062317 16400
1769525377404 0.004101604223251343 16450
1769525392333 0.02391047775745392 16500
1769525407258 0.08278265595436096 16550
1769525422199 0.0022365599870681763 16600
1769525437132 0.017302915453910828 16650
1769525452062 0.08184776455163956 16700
1769525466993 0.07790093868970871 16750
1769525481925 0.10200797766447067 16800
1769525496856 0.03170361369848251 16850
1769525511786 0.09643403440713882 16900
1769525526724 0.06097647547721863 16950
1769525541655 0.01734098792076111 17000
1769525677547 0.09005944430828094 17050
1769525692521 0.012684360146522522 17100
1769525707487 0.05152588337659836 17150
1769525722448 0.02237965166568756 17200
1769525737405 0.005996778607368469 17250
1769525752367 0.07603490352630615 17300
1769525767325 0.009152963757514954 17350
1769525782285 0.007890850305557251 17400
1769525797239 0.012876525521278381 17450
1769525812196 0.019897833466529846 17500
1769525827154 0.029033921658992767 17550
1769525842111 0.07320017367601395 17600
1769525857072 0.002980455756187439 17650
1769525872039 0.020631805062294006 17700
1769525886995 0.053777217864990234 17750
1769525901952 0.05734375864267349 17800
1769525916909 0.03085116297006607 17850
1769525931867 0.00952957570552826 17900
1769525946823 0.04601043462753296 17950
1769525961788 0.04408169537782669 18000
1769525976750 0.09832367300987244 18050
1769525991706 0.01619170606136322 18100
1769526006661 0.0018780529499053955 18150
1769526021619 0.06644923239946365 18200
1769526036575 0.07241180539131165 18250
1769526051534 0.034585095942020416 18300
1769526066490 0.02865511178970337 18350
1769526081449 0.0043848007917404175 18400
1769526096407 0.09124597907066345 18450
1769526111365 0.04719194024801254 18500
1769526126323 0.0036803483963012695 18550
1769526141277 0.02198559045791626 18600
1769526156238 0.0017289668321609497 18650
1769526171199 0.0519724115729332 18700
1769526186156 0.08068262785673141 18750
1769526201110 0.18048706650733948 18800
1769526216064 0.010014481842517853 18850
1769526231019 0.0790046975016594 18900
1769526245975 0.01000244915485382 18950
1769526260933 0.0182792991399765 19000
1769526275889 0.08968740701675415 19050
1769526290842 0.07752066850662231 19100
1769526305793 0.10130506753921509 19150
1769526320750 0.016324803233146667 19200
1769526335706 0.0012706369161605835 19250
1769526350661 0.0019164085388183594 19300
1769526365617 0.10005785524845123 19350
1769526380572 0.0008608698844909668 19400
1769526395530 0.05242358148097992 19450
1769526410483 0.022643230855464935 19500
1769526425439 0.08236963301897049 19550
1769526440393 0.02490517497062683 19600
1769526455346 0.003777116537094116 19650
1769526470301 0.026619449257850647 19700
1769526485256 0.0006720125675201416 19750
1769526500277 0.05692187696695328 19800
1769526515224 0.05704245716333389 19850
1769526589586 0.010551594197750092 19900
1769526604516 0.023733749985694885 19950
1769526619476 0.010876163840293884 20000
1769526634406 0.015387400984764099 20050
1769526649332 0.04445560276508331 20100
1769526664255 0.05427655577659607 20150
1769526679182 0.04193007946014404 20200
1769526694108 0.0018767714500427246 20250
1769526709034 0.016023218631744385 20300
1769526723959 0.07596325874328613 20350
1769526738886 0.014980509877204895 20400
1769526753810 0.025056153535842896 20450
1769526768734 0.030701085925102234 20500
1769526783655 0.08048567175865173 20550
1769526798581 0.04563133418560028 20600
1769526813506 0.0033973753452301025 20650
1769526828428 0.015221208333969116 20700
1769526843352 0.04205172508955002 20750
1769526858275 0.004724934697151184 20800
1769526873203 0.1620531976222992 20850
1769526888129 0.02741149812936783 20900
1769526903057 0.09695267677307129 20950
1769526917987 0.11012031137943268 21000
1769526932918 0.09400182962417603 21050
1769526947848 0.05791062116622925 21100
1769526962776 0.0774821788072586 21150
1769526977705 0.0033471137285232544 21200
1769526992637 0.07503071427345276 21250
1769527007567 0.0006295293569564819 21300
1769527022499 0.003416717052459717 21350
1769527037430 0.015368938446044922 21400
1769527052364 0.0031021982431411743 21450
1769527067294 0.0016155242919921875 21500
1769527082225 0.14394870400428772 21550
1769527097153 0.04706518352031708 21600
1769527112083 0.005121156573295593 21650
1769527127009 0.015627488493919373 21700
1769527141940 0.0010662972927093506 21750
1769527156872 0.011361360549926758 21800
1769527171807 0.0032878220081329346 21850
1769527186735 0.02877967804670334 21900
1769527201662 0.02179752290248871 21950
1769527216591 0.04821205139160156 22000
1769527231518 0.0930347889661789 22050
1769527246451 0.018610842525959015 22100
1769527261381 0.016655579209327698 22150
1769527276314 0.026054441928863525 22200
1769527291245 0.01912561058998108 22250
1769527306173 0.0048577189445495605 22300
1769527321107 0.016852378845214844 22350
1769527336038 0.023946642875671387 22400
1769527350966 0.01604647934436798 22450
1769527365934 0.07084355503320694 22500
1769527380859 0.01176460087299347 22550
1769527395788 0.024510458111763 22600
1769527410724 0.1177247017621994 22650
1769527485036 0.0013138949871063232 22700
1769527499997 0.010358668863773346 22750
1769527514963 0.004301503300666809 22800
1769527529927 0.0037140101194381714 22850
1769527544887 0.07771647721529007 22900
1769527559854 0.01864156872034073 22950
1769527574818 0.006172835826873779 23000
1769527589774 0.015791282057762146 23050
1769527604734 0.09039787948131561 23100
1769527619694 0.010475486516952515 23150
1769527634653 0.0033591389656066895 23200
1769527649612 0.023005671799182892 23250
1769527664567 0.06021887809038162 23300
1769527679527 0.004807397723197937 23350
1769527694482 0.016213133931159973 23400
1769527709438 0.014320939779281616 23450
1769527724406 0.004479415714740753 23500
1769527739367 0.001566365361213684 23550
1769527754329 0.022162869572639465 23600
1769527769283 0.005739323794841766 23650
1769527784239 0.017434701323509216 23700
1769527799193 0.009029775857925415 23750
1769527814148 0.018074586987495422 23800
1769527829107 0.004509046673774719 23850
1769527844070 0.004557579755783081 23900
1769527859026 0.08936457335948944 23950
1769527873984 0.0027826279401779175 24000
1769527888943 0.12342120707035065 24050
1769527903898 0.03721620887517929 24100
1769527918856 0.0877537950873375 24150
1769527933814 0.05181141942739487 24200
1769527948775 0.01163085550069809 24250
1769527963735 0.0012871921062469482 24300
1769527978701 0.014894545078277588 24350
1769527993665 0.023502685129642487 24400
1769528008625 0.03602347522974014 24450
1769528023582 0.05467957258224487 24500
1769528038538 0.060616977512836456 24550
1769528053497 0.08587296307086945 24600
1769528068458 0.0014022737741470337 24650
1769528083416 0.0033434778451919556 24700
1769528098372 0.03830602765083313 24750
1769528113330 0.0005364716053009033 24800
1769528128283 0.03070821613073349 24850
1769528143238 0.0018197894096374512 24900
1769528158193 0.039685800671577454 24950
1769528173147 0.08286197483539581 25000
1769528188149 0.0043118298053741455 25050
1769528203102 0.014138489961624146 25100
1769528218058 0.0032685846090316772 25150
1769528233012 0.007484771311283112 25200
1769528247967 0.039016127586364746 25250
1769528262921 0.0027518421411514282 25300
1769528277875 0.013638243079185486 25350
1769528292828 0.003979474306106567 25400
1769528307785 0.007099904119968414 25450
1769528322750 0.008314013481140137 25500
1769528397417 0.061127834022045135 25550
1769528412356 0.005412645637989044 25600
1769528427295 0.009838730096817017 25650
1769528442226 0.006689056754112244 25700
1769528457158 0.06918390095233917 25750
1769528472091 0.006914511322975159 25800
1769528487024 0.12387818843126297 25850
1769528501967 0.0004042983055114746 25900
1769528516899 0.030975252389907837 25950
1769528531830 0.0019000619649887085 26000
1769528546763 0.0004190206527709961 26050
1769528561696 0.0013300776481628418 26100
1769528576629 0.04280238598585129 26150
1769528591557 0.0021405071020126343 26200
1769528606489 0.02082408219575882 26250
1769528621419 0.0006472468376159668 26300
1769528636347 0.007310092449188232 26350
1769528651278 0.034886255860328674 26400
1769528666459 0.054407425224781036 26450
1769528681388 0.03831730782985687 26500
1769528696319 0.0030307620763778687 26550
1769528711253 0.14049294590950012 26600
1769528726190 0.03310972452163696 26650
1769528741126 0.12158472090959549 26700
1769528756057 0.011338070034980774 26750
1769528770996 0.005784079432487488 26800
1769528785925 0.13042452931404114 26850
1769528800854 0.07340821623802185 26900
1769528815781 0.00037342309951782227 26950
1769528830708 0.02634187787771225 27000
1769528845638 0.0016596317291259766 27050
1769528860564 0.02916710078716278 27100
1769528875490 0.058172233402729034 27150
1769528890415 0.06789730489253998 27200
1769528905342 0.07505130767822266 27250
1769528920269 0.025049276649951935 27300
1769528935196 0.044685669243335724 27350
1769528950124 0.06581379473209381 27400
1769528965050 0.0006975531578063965 27450
1769528979973 0.021130673587322235 27500
1769528994901 0.059356845915317535 27550
1769529009828 0.002508208155632019 27600
1769529024754 0.0016259551048278809 27650
1769529039697 0.004214420914649963 27700
1769529054626 0.011487901210784912 27750
1769529069553 0.0007753819227218628 27800
1769529084481 0.007860198616981506 27850
1769529099407 0.013547338545322418 27900
1769529114335 0.008367419242858887 27950
1769529129262 0.020839862525463104 28000
1769529144234 0.011274054646492004 28050
1769529159164 0.03437194973230362 28100
1769529174156 0.0008301883935928345 28150
1769529189137 0.008754774928092957 28200
1769529204101 0.02285896986722946 28250
1769529219042 0.039070531725883484 28300
1769529233965 0.002226710319519043 28350
1769529314934 0.0032745152711868286 28400
1769529329914 0.008576631546020508 28450
1769529344880 0.016016781330108643 28500
1769529359847 0.005925431847572327 28550
1769529374817 0.013958752155303955 28600
1769529389783 0.03532519191503525 28650
1769529404751 0.008402876555919647 28700
1769529419722 0.0916799008846283 28750
1769529434685 0.001030564308166504 28800
1769529449647 0.00037436187267303467 28850
1769529464609 0.05542202293872833 28900
1769529479569 0.03936471790075302 28950
1769529494535 0.0006539672613143921 29000
1769529509500 0.01600615680217743 29050
1769529524462 0.0004331320524215698 29100
1769529539422 0.0003115832805633545 29150
1769529554388 0.029597334563732147 29200
1769529569350 0.0015667080879211426 29250
1769529584317 0.006764166057109833 29300
1769529599284 0.026776470243930817 29350
1769529614246 0.0343443900346756 29400
1769529629210 0.02463434636592865 29450
1769529644173 0.12154914438724518 29500
1769529659141 0.01707322895526886 29550
1769529674105 0.026497192680835724 29600
1769529689063 0.04532521218061447 29650
1769529704020 0.008858196437358856 29700
1769529718981 0.013258256018161774 29750
1769529734000 0.0005280375480651855 29800
1769529748963 0.017724618315696716 29850
1769529763922 0.02288082242012024 29900
1769529778884 0.0015311092138290405 29950
1769529793847 0.03803383558988571 30000
1769529808809 0.006742358207702637 30050
1769529823770 0.001498594880104065 30100
1769529838730 0.0008739382028579712 30150
1769529853690 0.05055278539657593 30200
1769529868648 0.045556843280792236 30250
1769529883607 0.00285995751619339 30300
1769529898567 0.00024884939193725586 30350
1769529913525 0.016875483095645905 30400
1769529928483 0.054614484310150146 30450
1769529943445 0.08192954957485199 30500
1769529958404 0.0012787878513336182 30550
1769529973370 0.04764656722545624 30600
1769529988329 0.011624380946159363 30650
1769530003291 0.01532871276140213 30700
1769530018274 0.042719766497612 30750
1769530033234 0.07038436830043793 30800
1769530048197 0.08787748217582703 30850
1769530063157 0.003066450357437134 30900
1769530078117 0.0015420317649841309 30950
1769530093077 0.0007337331771850586 31000
1769530108033 0.04743140935897827 31050
1769530122994 0.03699171543121338 31100
1769530137965 0.0004789680242538452 31150
1769530213356 0.004257529973983765 31200
1769530228293 0.0011342093348503113 31250
1769530243225 0.00915902853012085 31300
1769530258158 0.0015135258436203003 31350
1769530273088 0.11874604225158691 31400
1769530288019 0.0003110617399215698 31450
1769530302948 0.00023445487022399902 31500
1769530317880 0.06429854780435562 31550
1769530332812 0.0005433708429336548 31600
1769530347744 0.003620237112045288 31650
1769530362676 0.0013217777013778687 31700
1769530377607 0.10696905106306076 31750
1769530392537 0.07152301073074341 31800
1769530407471 0.19677004218101501 31850
1769530422405 0.025525078177452087 31900
1769530437345 0.001736864447593689 31950
1769530452283 0.0042586177587509155 32000
1769530467231 0.003692224621772766 32050
1769530482166 0.0026141107082366943 32100
1769530497107 0.07869942486286163 32150
1769530512043 0.04777438938617706 32200
1769530526974 0.0003186464309692383 32250
1769530541908 0.000809207558631897 32300
1769530556860 0.10013797134160995 32350
1769530571798 0.0006666332483291626 32400
1769530586735 0.08566637337207794 32450
1769530601670 0.0017117559909820557 32500
1769530616602 0.0024705007672309875 32550
1769530631529 0.0033515840768814087 32600
1769530646463 0.005585089325904846 32650
1769530661396 0.001485094428062439 32700
1769530676329 0.010494925081729889 32750
1769530691259 0.0008503347635269165 32800
1769530706189 0.009576499462127686 32850
1769530721118 0.0013010799884796143 32900
1769530736050 0.003952287137508392 32950
1769530750981 0.002855658531188965 33000
1769530765911 0.0677819773554802 33050
1769530780853 0.0004172474145889282 33100
1769530795793 0.004054166376590729 33150
1769530810729 0.053938381373882294 33200
1769530825660 0.0005528926849365234 33250
1769530840588 0.0035913437604904175 33300
1769530855516 0.02268870174884796 33350
1769530870445 0.003541320562362671 33400
1769530885376 0.018813282251358032 33450
1769530900303 0.000714421272277832 33500
1769530915231 8.842349052429199e-05 33550
1769530930166 0.008788138628005981 33600
1769530945095 0.0049500614404678345 33650
1769530960033 0.0027356743812561035 33700
1769530974963 0.00845799595117569 33750
1769530989892 0.0017783790826797485 33800
1769531004822 0.02330312877893448 33850
1769531019755 0.010155081748962402 33900
1769531034690 0.06319937855005264 33950
1769531049634 0.014083430171012878 34000
1769531124917 0.006251990795135498 34050
1769531139894 0.0130443274974823 34100
1769531154870 0.004151046276092529 34150
1769531169848 0.02061297744512558 34200
1769531184815 0.0006185322999954224 34250
1769531199784 0.007108546793460846 34300
1769531214754 0.00021509826183319092 34350
1769531229722 0.014813520014286041 34400
1769531244688 0.01950351893901825 34450
1769531259656 0.0009627491235733032 34500
1769531274627 0.007645860314369202 34550
1769531289589 0.016860269010066986 34600
1769531304550 0.00366925448179245 34650
1769531319508 0.002089574933052063 34700
1769531334463 0.024562455713748932 34750
1769531349432 0.05931200087070465 34800
1769531364391 0.004809021949768066 34850
1769531379348 0.10969582200050354 34900
1769531394305 0.022543273866176605 34950
1769531409267 0.014357589185237885 35000
1769531424237 0.00040733814239501953 35050
1769531439194 0.003883145749568939 35100
1769531454151 0.07544220238924026 35150
1769531469110 0.018175750970840454 35200
1769531484070 0.0038862302899360657 35250
1769531499029 0.004670202732086182 35300
1769531513990 0.0009546875953674316 35350
1769531528951 0.04215692728757858 35400
1769531543916 0.004317104816436768 35450
1769531558874 0.0007772669196128845 35500
1769531573834 0.10462673008441925 35550
1769531588797 0.07010123133659363 35600
1769531603763 0.0019113868474960327 35650
1769531618726 0.0035324841737747192 35700
1769531633691 0.009283654391765594 35750
1769531648656 0.033325307071208954 35800
1769531663621 0.0058882758021354675 35850
1769531678579 0.0014745444059371948 35900
1769531693542 0.0033597052097320557 35950
1769531708506 0.005265228450298309 36000
1769531723472 0.00030387938022613525 36050
1769531738432 0.01896175742149353 36100
1769531753389 0.004713177680969238 36150
1769531768348 0.002102866768836975 36200
1769531783306 0.03772074729204178 36250
1769531798265 0.02525538206100464 36300
1769531813225 0.002762839198112488 36350
1769531828183 0.043699853122234344 36400
1769531843145 0.005139164626598358 36450
1769531858104 0.045470260083675385 36500
1769531873064 0.02224169671535492 36550
1769531888025 0.0032751262187957764 36600
1769531902984 0.009449638426303864 36650
1769531917943 0.0006244182586669922 36700
1769531932902 0.0026938170194625854 36750
1769531947865 0.006308324635028839 36800
1769531962835 0.01998775452375412 36850
1769532037049 0.0002659708261489868 36900
1769532051981 0.001229315996170044 36950
1769532066912 0.0009258538484573364 37000
1769532081843 0.00038996338844299316 37050
1769532096771 0.16539768874645233 37100
1769532111704 0.053422711789608 37150
1769532126636 0.0036366283893585205 37200
1769532141568 0.02244061976671219 37250
1769532156502 0.004924841225147247 37300
1769532171434 0.0019137859344482422 37350
1769532186368 0.0010420233011245728 37400
1769532201300 0.03388445824384689 37450
1769532216230 0.00023736059665679932 37500
1769532231164 0.007053591310977936 37550
1769532246093 0.0021542012691497803 37600
1769532261027 0.015007369220256805 37650
1769532275958 0.0023566558957099915 37700
1769532290892 0.00041684508323669434 37750
1769532305830 0.0009876489639282227 37800
1769532320766 0.0012752562761306763 37850
1769532335703 0.003596276044845581 37900
1769532350638 0.02579127997159958 37950
1769532365566 0.009928472340106964 38000
1769532380495 0.012396179139614105 38050
1769532395425 0.0032827481627464294 38100
1769532410354 0.02773800492286682 38150
1769532425282 0.003737896680831909 38200
1769532440210 0.026914142072200775 38250
1769532455138 0.0020976290106773376 38300
1769532470069 0.03231094777584076 38350
1769532485001 0.016030922532081604 38400
1769532499931 0.0053984299302101135 38450
1769532514862 0.004121460020542145 38500
1769532529795 0.002542831003665924 38550
1769532544753 0.036573708057403564 38600
1769532559688 0.0008115470409393311 38650
1769532574623 0.020680002868175507 38700
1769532589559 0.06710300594568253 38750
1769532604491 0.0069370269775390625 38800
1769532619424 0.00034043192863464355 38850
1769532634358 0.00277140736579895 38900
1769532649289 0.014514446258544922 38950
1769532664219 0.0029847994446754456 39000
1769532679151 0.03405218571424484 39050
1769532694083 9.903311729431152e-05 39100
1769532709022 0.043840885162353516 39150
1769532723958 0.08288322389125824 39200
1769532738889 0.0010023266077041626 39250
1769532753818 0.05047907680273056 39300
1769532768748 0.0056619793176651 39350
1769532783681 4.406273365020752e-05 39400
1769532798612 0.022092632949352264 39450
1769532813543 0.0019490420818328857 39500
1769532828476 0.06715061515569687 39550
1769532843415 0.0025536715984344482 39600
1769532858364 0.008072450757026672 39650
1769532873294 0.03716172277927399 39700
1769532947792 0.001982182264328003 39750
1769532962756 0.0009550005197525024 39800
1769532977734 0.0001782923936843872 39850
1769532992702 0.0009643882513046265 39900
1769533007667 0.0005539804697036743 39950
1769533022639 0.010927289724349976 40000
1769533037604 5.474686622619629e-05 40050
1769533052566 0.00040744245052337646 40100
1769533067534 0.01358725130558014 40150
1769533082500 3.851950168609619e-05 40200
1769533097472 0.0010749846696853638 40250
1769533112461 0.006333887577056885 40300
1769533127428 0.003032505512237549 40350
1769533142392 0.0029872432351112366 40400
1769533157363 0.001192234456539154 40450
1769533172327 0.003451600670814514 40500
1769533187287 0.022373385727405548 40550
1769533202252 0.012295186519622803 40600
1769533217217 0.007872626185417175 40650
1769533232194 0.002707764506340027 40700
1769533247157 0.029740847647190094 40750
1769533262127 4.9248337745666504e-05 40800
1769533277095 0.0032588690519332886 40850
1769533292057 0.04527273029088974 40900
1769533307021 0.07403530180454254 40950
1769533321982 0.04108799248933792 41000
1769533336945 0.00027720630168914795 41050
1769533351913 0.000257149338722229 41100
1769533366879 0.0009782463312149048 41150
1769533381841 0.006560817360877991 41200
1769533396803 0.006339631974697113 41250
1769533411767 0.0014600902795791626 41300
1769533426731 0.0011120066046714783 41350
1769533441691 0.0007133036851882935 41400
1769533456658 0.0014021992683410645 41450
1769533471622 0.000706017017364502 41500
1769533486586 0.0002865046262741089 41550
1769533501553 0.018708527088165283 41600
1769533516516 0.09231031686067581 41650
1769533531479 0.011381380259990692 41700
1769533546441 0.003867238759994507 41750
1769533561406 0.007095217704772949 41800
1769533576370 0.002868153154850006 41850
1769533591335 0.003873087465763092 41900
1769533606305 0.0004641413688659668 41950
1769533621270 0.002090767025947571 42000
1769533636234 0.020195797085762024 42050
1769533651202 2.181529998779297e-05 42100
1769533666171 0.029724083840847015 42150
1769533681143 0.0019329264760017395 42200
1769533696108 0.020905382931232452 42250
1769533711071 0.025762557983398438 42300
1769533726036 0.002248436212539673 42350
1769533741005 0.010961838066577911 42400
1769533755977 0.00862906128168106 42450
1769533770951 0.04152965545654297 42500
1769533857350 0.08228615671396255 42550
1769533872291 0.004051871597766876 42600
1769533887234 0.0005691647529602051 42650
1769533902175 0.00014166533946990967 42700
1769533917116 0.018145784735679626 42750
1769533932055 0.014181375503540039 42800
1769533946994 0.06143580377101898 42850
1769533961933 0.006587982177734375 42900
1769533976871 0.0006967484951019287 42950
1769533991809 7.812678813934326e-05 43000
1769534006752 0.002715073525905609 43050
1769534021686 0.004249155521392822 43100
1769534036627 0.0022140294313430786 43150
1769534051569 0.0035864785313606262 43200
1769534066505 0.0019910335540771484 43250
1769534081439 0.0006202906370162964 43300
1769534096376 0.03773543983697891 43350
1769534111314 0.0003454163670539856 43400
1769534126255 0.00023612380027770996 43450
1769534141194 0.000548437237739563 43500
1769534156132 0.0006032735109329224 43550
1769534171065 5.868077278137207e-05 43600
1769534186000 0.01627027988433838 43650
1769534200933 0.00018706917762756348 43700
1769534215906 0.0021335482597351074 43750
1769534230847 0.008781418204307556 43800
1769534245785 0.05553280562162399 43850
1769534260719 0.012143470346927643 43900
1769534275656 0.0007668659090995789 43950
1769534290590 0.009542502462863922 44000
1769534305646 0.0003361254930496216 44050
1769534320584 0.0007409900426864624 44100
1769534335524 0.0001614689826965332 44150
1769534350465 0.00017787516117095947 44200
1769534365415 0.00032494962215423584 44250
1769534380363 0.1186508983373642 44300
1769534395298 8.241832256317139e-05 44350
1769534410240 0.0007843822240829468 44400
1769534425179 0.04257689416408539 44450
1769534440115 0.0043776556849479675 44500
1769534455051 0.03429905325174332 44550
1769534470008 0.0010912194848060608 44600
1769534484945 0.001103132963180542 44650
1769534499889 0.006376177072525024 44700
1769534514824 0.0002670660614967346 44750
1769534529760 0.020089872181415558 44800
1769534544695 0.0016720220446586609 44850
1769534559661 0.0049794986844062805 44900
1769534574594 0.03015054762363434 44950
1769534589529 0.002011910080909729 45000
1769534604466 0.00017048418521881104 45050
1769534619399 0.0013294145464897156 45100
1769534634335 0.002626091241836548 45150
1769534649269 0.0020890161395072937 45200
1769534664238 0.0033157020807266235 45250
1769534679251 0.012087784707546234 45300
1769534694210 0.04765154421329498 45350
1769534789711 0.00614466518163681 45400
1769534804685 0.02297218143939972 45450
1769534819649 0.002017013728618622 45500
1769534834613 0.014936558902263641 45550
1769534849578 0.028000302612781525 45600
1769534864558 0.0025472790002822876 45650
1769534879523 0.01088491827249527 45700
1769534894492 0.033560238778591156 45750
1769534909468 0.0010835379362106323 45800
1769534924441 0.004011079668998718 45850
1769534939413 0.0011364072561264038 45900
1769534954381 0.005237095057964325 45950
1769534969348 0.00046771764755249023 46000
1769534984318 0.00030487775802612305 46050
1769534999288 0.00018784403800964355 46100
1769535014263 0.09122005105018616 46150
1769535029232 0.0040910691022872925 46200
1769535044202 0.016386263072490692 46250
1769535059171 0.0004452615976333618 46300
1769535074139 0.011098004877567291 46350
1769535089109 0.0011657997965812683 46400
1769535104075 0.000672265887260437 46450
1769535119040 0.039457447826862335 46500
1769535134005 0.00023084133863449097 46550
1769535148968 0.0009965747594833374 46600
1769535163935 0.00457967072725296 46650
1769535178899 0.00011049211025238037 46700
1769535193864 0.005073651671409607 46750
1769535208829 0.0017184317111968994 46800
1769535223794 0.0027855336666107178 46850
1769535238761 0.005569919943809509 46900
1769535253729 7.888674736022949e-05 46950
1769535268693 0.015588238835334778 47000
1769535283660 0.00015778839588165283 47050
1769535298623 0.0029054880142211914 47100
1769535313589 0.033229462802410126 47150
1769535328554 0.002192869782447815 47200
1769535343519 0.00034515559673309326 47250
1769535358514 5.6609511375427246e-05 47300
1769535373480 0.0034077316522598267 47350
1769535388519 0.002886958420276642 47400
1769535403484 0.001438826322555542 47450
1769535418508 0.0004898011684417725 47500
1769535433473 0.0008403435349464417 47550
1769535448513 0.0007344484329223633 47600
1769535463486 0.0006544589996337891 47650
1769535478519 0.0005988851189613342 47700
1769535493501 0.01293298602104187 47750
1769535508526 0.00024659931659698486 47800
1769535523501 0.0031533464789390564 47850
1769535538527 0.0037984699010849 47900
1769535553501 0.002795770764350891 47950
1769535568566 0.048102833330631256 48000
1769535583543 0.012613154947757721 48050
1769535598526 0.028409592807292938 48100
1769535613516 0.014627344906330109 48150
1769535628526 0.019125908613204956 48200
1769535708292 0.00021041929721832275 48250
1769535723240 0.0013112649321556091 48300
1769535738177 0.00015969574451446533 48350
1769535753116 0.0004299432039260864 48400
1769535768057 0.009539224207401276 48450
1769535782994 0.008292734622955322 48500
1769535797931 0.00032070279121398926 48550
1769535812869 0.00030504167079925537 48600
1769535827809 0.00901118665933609 48650
1769535842753 0.0005849301815032959 48700
1769535857690 0.008478507399559021 48750
1769535872633 0.006152138113975525 48800
1769535887576 0.02095029503107071 48850
1769535902510 0.004087164998054504 48900
1769535917446 0.0005161687731742859 48950
1769535932380 0.0009376853704452515 49000
1769535947314 0.01291482150554657 49050
1769535962252 0.00013525038957595825 49100
1769535977187 0.009488701820373535 49150
1769535992122 0.003959961235523224 49200
1769536007057 0.0001548081636428833 49250
1769536021992 0.0030675455927848816 49300
1769536036927 0.004521258175373077 49350
1769536051861 0.001405462622642517 49400
1769536066834 0.00015148520469665527 49450
1769536081771 0.00047779083251953125 49500
1769536096705 0.0014222413301467896 49550
1769536111638 0.0006070435047149658 49600
1769536126574 1.977384090423584e-05 49650
1769536141512 0.00023740530014038086 49700
1769536156451 0.00020340830087661743 49750
1769536171392 0.00035734474658966064 49800
1769536186328 0.002830132842063904 49850
1769536201264 7.013976573944092e-05 49900
1769536216202 0.001379154622554779 49950
1769536231138 0.003563500940799713 50000
1769536246071 0.0005667060613632202 50050
1769536261006 0.01814655214548111 50100
1769536275938 0.00177079439163208 50150
1769536290874 0.0012091398239135742 50200
1769536305810 0.000950157642364502 50250
1769536320745 0.0005587488412857056 50300
1769536335679 0.0050566792488098145 50350
1769536350614 0.005444280803203583 50400
1769536365551 9.433925151824951e-05 50450
1769536380486 0.0017217472195625305 50500
1769536395422 0.001921132206916809 50550
1769536410353 0.02519342303276062 50600
1769536425286 0.02323288470506668 50650
1769536440228 0.0045875683426856995 50700
1769536455167 0.000484660267829895 50750
1769536470103 0.007344871759414673 50800
1769536485058 0.0034111440181732178 50850
1769536500002 0.0003803372383117676 50900
1769536514940 0.004975549876689911 50950
1769536529886 0.000262528657913208 51000
1769536604476 0.0016154348850250244 51050
1769536619476 0.030812151730060577 51100
1769536634466 0.0001605600118637085 51150
1769536649447 0.0006463080644607544 51200
1769536664417 0.00011411309242248535 51250
1769536679392 0.0030535683035850525 51300
1769536694364 0.0005323290824890137 51350
1769536709335 0.0035717636346817017 51400
1769536724313 0.001464560627937317 51450
1769536739286 0.014262251555919647 51500
1769536754261 0.0025459453463554382 51550
1769536769233 0.001106061041355133 51600
1769536784213 0.04113582521677017 51650
1769536799187 1.1175870895385742e-05 51700
1769536814159 6.80685043334961e-05 51750
1769536829134 0.011085450649261475 51800
1769536844102 0.06087557226419449 51850
1769536859070 0.0003700181841850281 51900
1769536874038 0.0010640621185302734 51950
1769536889003 0.0030387863516807556 52000
1769536903972 4.0590763092041016e-05 52050
1769536918937 0.010266773402690887 52100
1769536933905 6.756186485290527e-05 52150
1769536948875 0.0007242113351821899 52200
1769536963843 0.023459769785404205 52250
1769536978813 0.013669028878211975 52300
1769536993789 0.0007658302783966064 52350
1769537008766 0.00017176568508148193 52400
1769537023742 0.0002713501453399658 52450
1769537038713 4.0203332901000977e-05 52500
1769537053684 0.0008470788598060608 52550
1769537068658 0.004490360617637634 52600
1769537083634 0.005445636808872223 52650
1769537098610 0.005049064755439758 52700
1769537113588 0.00036409497261047363 52750
1769537128563 1.309812068939209e-05 52800
1769537143535 0.11973176151514053 52850
1769537158561 0.03256867825984955 52900
1769537173532 0.0002595484256744385 52950
1769537188557 0.0013003572821617126 53000
1769537203527 0.04244649410247803 53050
1769537218560 0.0007811039686203003 53100
1769537233527 0.0261678546667099 53150
1769537248566 0.002169601619243622 53200
1769537263545 0.0005114004015922546 53250
1769537278563 0.005293115973472595 53300
1769537293539 0.007972031831741333 53350
1769537308562 0.0003494545817375183 53400
1769537323533 3.6656856536865234e-05 53450
1769537338563 0.00014357268810272217 53500
1769537353532 0.0012771114706993103 53550
1769537368559 7.468461990356445e-05 53600
1769537383526 0.0005677342414855957 53650
1769537398556 0.004397191107273102 53700
1769537413526 0.001979619264602661 53750
1769537428562 0.0015669986605644226 53800
1769537443541 0.006025247275829315 53850
1769537518142 0.001665756106376648 53900
1769537533080 0.00015673041343688965 53950
1769537548021 0.00025525689125061035 54000
1769537562960 0.0005723237991333008 54050
1769537577895 0.0003888159990310669 54100
1769537592834 0.010679133236408234 54150
1769537607769 0.006060868501663208 54200
1769537622704 0.0006562024354934692 54250
1769537637640 5.505979061126709e-05 54300
1769537652576 0.07284500449895859 54350
1769537667527 0.006285063922405243 54400
1769537682461 0.001629762351512909 54450
1769537697396 0.001164257526397705 54500
1769537712332 0.0034051313996315002 54550
1769537727268 0.002421766519546509 54600
1769537742208 0.00013056397438049316 54650
1769537757143 0.08045966178178787 54700
1769537772078 0.008413225412368774 54750
1769537787012 8.195638656616211e-05 54800
1769537801945 0.00014036893844604492 54850
1769537816880 0.0006363540887832642 54900
1769537831815 0.0007035732269287109 54950
1769537846748 0.00045318901538848877 55000
1769537861680 0.009305618703365326 55050
1769537876612 0.003531619906425476 55100
1769537891548 0.0030174478888511658 55150
1769537906482 0.007860556244850159 55200
1769537921418 0.0008629113435745239 55250
1769537936352 0.000386849045753479 55300
1769537951285 0.0040617287158966064 55350
1769537966219 0.0011983886361122131 55400
1769537981151 0.0005518496036529541 55450
1769537996082 0.0010509788990020752 55500
1769538011015 0.0018573105335235596 55550
1769538025947 6.718933582305908e-05 55600
1769538040884 0.0013954788446426392 55650
1769538055822 0.002726927399635315 55700
1769538070761 9.918212890625e-05 55750
1769538085699 0.0036463364958763123 55800
1769538100643 0.012572944164276123 55850
1769538115583 0.038242265582084656 55900
1769538130520 0.048810385167598724 55950
1769538145456 0.001979812979698181 56000
1769538160391 5.696713924407959e-05 56050
1769538175332 0.000633925199508667 56100
1769538190271 0.016801737248897552 56150
1769538205206 0.0009381100535392761 56200
1769538220142 0.007428526878356934 56250
1769538235080 0.0010281950235366821 56300
1769538250026 0.02405507117509842 56350
1769538264969 0.0007345676422119141 56400
1769538279907 0.0026325881481170654 56450
1769538294846 0.0016203820705413818 56500
1769538309782 0.0005524754524230957 56550
1769538324717 0.04455488920211792 56600
1769538339654 0.002728097140789032 56650
1769538354600 0.030406340956687927 56700
1769520154504 0.8000313639640808 0
