1769520154504 0.0 0
1769520169592 0.0 50
1769520184639 0.0 100
1769520199686 0.0 150
1769520214727 0.0 200
1769520229755 0.0 250
1769520244781 0.0 300
1769520259806 0.0 350
1769520274858 0.0 400
1769520289845 0.0 450
1769520304811 0.0 500
1769520319767 0.0 550
1769520334724 0.0 600
1769520349682 0.0 650
1769520364639 0.0 700
1769520379600 0.0 750
1769520394594 0.0 800
1769520409587 0.0 850
1769520424580 0.0 900
1769520439574 0.0 950
1769520454566 0.0 1000
1769520469560 0.0 1050
1769520484536 0.0 1100
1769520499501 0.0 1150
1769520514466 0.0 1200
1769520529419 0.0 1250
1769520544378 0.0 1300
1769520559331 0.0 1350
1769520574285 0.0 1400
1769520589238 0.0 1450
1769520604193 0.0 1500
1769520619146 0.0 1550
1769520634103 0.0 1600
1769520649059 0.0 1650
1769520664023 0.0 1700
1769520678982 0.0 1750
1769520693939 0.0 1800
1769520708898 0.0 1850
1769520723855 0.0 1900
1769520738810 0.0 1950
1769520753764 0.0 2000
1769520768721 0.0 2050
1769520783677 0.0 2100
1769520798650 0.0 2150
1769520813637 0.0 2200
1769520828612 0.0 2250
1769520843572 0.0 2300
1769520858533 0.0 2350
1769520873496 0.0 2400
1769520888450 0.0 2450
1769520903460 0.0 2500
1769520918455 0.0 2550
1769520933455 0.0 2600
1769520948454 0.0 2650
1769520963457 0.0 2700
1769520978455 0.0 2750
1769520993460 0.0 2800
1769521070052 0.0 2850
1769521084974 0.0 2900
1769521099895 0.0 2950
1769521114815 0.0 3000
1769521129738 0.0 3050
1769521144659 0.0 3100
1769521159577 0.0 3150
1769521174500 0.0 3200
1769521189420 0.0 3250
1769521204341 0.0 3300
1769521219262 0.0 3350
1769521234185 0.0 3400
1769521249105 0.0 3450
1769521264056 0.0 3500
1769521279042 0.0 3550
1769521293995 0.0 3600
1769521308948 0.0 3650
1769521323897 0.0 3700
1769521338849 0.0 3750
1769521353802 0.0 3800
1769521368755 0.0 3850
1769521383705 0.0 3900
1769521398638 0.0 3950
1769521413557 0.0 4000
1769521428480 0.0 4050
1769521443422 0.0 4100
1769521458342 0.0 4150
1769521473261 0.0 4200
1769521488182 0.0 4250
1769521503100 0.0 4300
1769521518019 0.0 4350
1769521532938 0.0 4400
1769521547868 0.0 4450
1769521562788 0.0 4500
1769521577881 0.0 4550
1769521592805 0.0 4600
1769521607725 0.0 4650
1769521622651 0.0 4700
1769521637575 0.0 4750
1769521652498 0.0 4800
1769521667471 0.0 4850
1769521682436 0.0 4900
1769521697391 0.0 4950
1769521712348 0.0 5000
1769521727304 0.0 5050
1769521742264 0.0 5100
1769521757222 0.0 5150
1769521772181 0.0 5200
1769521787131 0.0 5250
1769521802053 0.0 5300
1769521816975 0.0 5350
1769521831899 0.0 5400
1769521846818 0.0 5450
1769521861738 0.0 5500
1769521876716 0.0 5550
1769521891637 0.0 5600
1769521906610 0.0 5650
1769521981035 0.0 5700
1769521996024 0.0 5750
1769522010983 0.0 5800
1769522025946 0.0 5850
1769522040908 0.0 5900
1769522055871 0.0 5950
1769522070858 0.0 6000
1769522085904 0.0 6050
1769522100911 0.0 6100
1769522115917 0.0 6150
1769522130920 0.0 6200
1769522145923 0.0 6250
1769522160924 0.0 6300
1769522175928 0.0 6350
1769522190929 0.0 6400
1769522205905 0.0 6450
1769522220855 0.0 6500
1769522235801 0.0 6550
1769522250755 0.0 6600
1769522265709 0.0 6650
1769522280666 0.0 6700
1769522295619 0.0 6750
1769522310570 0.0 6800
1769522325524 0.0 6850
1769522340475 0.0 6900
1769522355427 0.0 6950
1769522370386 0.0 7000
1769522385336 0.0 7050
1769522400285 0.0 7100
1769522415237 0.0 7150
1769522430188 0.0 7200
1769522445141 0.0 7250
1769522460091 0.0 7300
1769522475042 0.0 7350
1769522490043 0.0 7400
1769522505069 0.0 7450
1769522520069 0.0 7500
1769522535063 0.0 7550
1769522550055 0.0 7600
1769522565046 0.0 7650
1769522580037 0.0 7700
1769522595034 0.0 7750
1769522610024 0.0 7800
1769522624990 0.0 7850
1769522639947 0.0 7900
1769522654904 0.0 7950
1769522669861 0.0 8000
1769522684814 0.0 8050
1769522699771 0.0 8100
1769522714743 0.0 8150
1769522729699 0.0 8200
1769522744656 0.0 8250
1769522759666 0.0 8300
1769522774636 0.0 8350
1769522789591 0.0 8400
1769522804558 0.0 8450
1769522819512 0.0 8500
1769522893904 0.0 8550
1769522908897 0.0 8600
1769522923858 0.0 8650
1769522938818 0.0 8700
1769522953781 0.0 8750
1769522968750 0.0 8800
1769522983712 0.0 8850
1769522998678 0.0 8900
1769523013638 0.0 8950
1769523028591 0.0 9000
1769523043516 0.0 9050
1769523058439 0.0 9100
1769523073364 0.0 9150
1769523088293 0.0 9200
1769523103219 0.0 9250
1769523118140 0.0 9300
1769523133061 0.0 9350
1769523147982 0.0 9400
1769523162903 0.0 9450
1769523177826 0.0 9500
1769523192749 0.0 9550
1769523207675 0.0 9600
1769523222599 0.0 9650
1769523237520 0.0 9700
1769523252445 0.0 9750
1769523267366 0.0 9800
1769523282287 0.0 9850
1769523297209 0.0 9900
1769523312186 0.0 9950
1769523327876 0.0 10000
1769523342836 0.0 10050
1769523357843 0.0 10100
1769523372797 0.0 10150
1769523387755 0.0 10200
1769523402709 0.0 10250
1769523417662 0.0 10300
1769523432615 0.0 10350
1769523447539 0.0 10400
1769523462465 0.0 10450
1769523477391 0.0 10500
1769523492319 0.0 10550
1769523507253 0.0 10600
1769523522192 0.0 10650
1769523537132 0.0 10700
1769523552071 0.0 10750
1769523567022 0.0 10800
1769523581962 0.0 10850
1769523596908 0.0 10900
1769523611849 0.0 10950
1769523626791 0.0 11000
1769523641733 0.0 11050
1769523656698 0.0 11100
1769523671680 0.0 11150
1769523686644 0.0 11200
1769523701611 0.0 11250
1769523716576 0.0 11300
1769523792418 0.0 11350
1769523807389 0.0 11400
1769523822360 0.0 11450
1769523837342 0.0 11500
1769523852315 0.0 11550
1769523867295 0.0 11600
1769523882283 0.0 11650
1769523897336 0.0 11700
1769523912367 0.0 11750
1769523927370 0.0 11800
1769523942370 0.0 11850
1769523957372 0.0 11900
1769523972371 0.0 11950
1769523987377 0.0 12000
1769524002378 0.0 12050
1769524017381 0.0 12100
1769524032347 0.0 12150
1769524047306 0.0 12200
1769524062272 0.0 12250
1769524077230 0.0 12300
1769524092190 0.0 12350
1769524107150 0.0 12400
1769524122113 0.0 12450
1769524137075 0.0 12500
1769524152036 0.0 12550
1769524167002 0.0 12600
1769524181984 0.0 12650
1769524196991 0.0 12700
1769524211949 0.0 12750
1769524226910 0.0 12800
1769524241870 0.0 12850
1769524256830 0.0 12900
1769524271791 0.0 12950
1769524286758 0.0 13000
1769524301721 0.0 13050
1769524316681 0.0 13100
1769524331643 0.0 13150
1769524346606 0.0 13200
1769524361565 0.0 13250
1769524376521 0.0 13300
1769524391481 0.0 13350
1769524406441 0.0 13400
1769524421403 0.0 13450
1769524436366 0.0 13500
1769524451331 0.0 13550
1769524466296 0.0 13600
1769524481258 0.0 13650
1769524496223 0.0 13700
1769524511183 0.0 13750
1769524526145 0.0 13800
1769524541103 0.0 13850
1769524556062 0.0 13900
1769524571024 0.0 13950
1769524585989 0.0 14000
1769524600948 0.0 14050
1769524615905 0.0 14100
1769524630878 0.0 14150
1769524705565 0.0 14200
1769524720501 0.0 14250
1769524735433 0.0 14300
1769524750363 0.0 14350
1769524765292 0.0 14400
1769524780222 0.0 14450
1769524795151 0.0 14500
1769524810077 0.0 14550
1769524825005 0.0 14600
1769524839931 0.0 14650
1769524854856 0.0 14700
1769524869781 0.0 14750
1769524884706 0.0 14800
1769524899632 0.0 14850
1769524914562 0.0 14900
1769524929493 0.0 14950
1769524944430 0.0 15000
1769524959358 0.0 15050
1769524974288 0.0 15100
1769524989222 0.0 15150
1769525004157 0.0 15200
1769525019089 0.0 15250
1769525034020 0.0 15300
1769525048955 0.0 15350
1769525063886 0.0 15400
1769525078816 0.0 15450
1769525093743 0.0 15500
1769525108671 0.0 15550
1769525123600 0.0 15600
1769525138533 0.0 15650
1769525153466 0.0 15700
1769525168393 0.0 15750
1769525183319 0.0 15800
1769525198248 0.0 15850
1769525213176 0.0 15900
1769525228106 0.0 15950
1769525243032 0.0 16000
1769525257964 0.0 16050
1769525272893 0.0 16100
1769525287824 0.0 16150
1769525302758 0.0 16200
1769525317687 0.0 16250
1769525332618 0.0 16300
1769525347546 0.0 16350
1769525362474 0.0 16400
1769525377404 0.0 16450
1769525392333 0.0 16500
1769525407258 0.0 16550
1769525422199 0.0 16600
1769525437132 0.0 16650
1769525452062 0.0 16700
1769525466993 0.0 16750
1769525481925 0.0 16800
1769525496856 0.0 16850
1769525511786 0.0 16900
1769525526724 0.0 16950
1769525541655 0.0 17000
1769525677547 0.0 17050
1769525692521 0.0 17100
1769525707487 0.0 17150
1769525722448 0.0 17200
1769525737405 0.0 17250
1769525752367 0.0 17300
1769525767325 0.0 17350
1769525782285 0.0 17400
1769525797239 0.0 17450
1769525812196 0.0 17500
1769525827154 0.0 17550
1769525842111 0.0 17600
1769525857072 0.0 17650
1769525872039 0.0 17700
1769525886995 0.0 17750
1769525901952 0.0 17800
1769525916909 0.0 17850
1769525931867 0.0 17900
1769525946823 0.0 17950
1769525961788 0.0 18000
1769525976750 0.0 18050
1769525991706 0.0 18100
1769526006661 0.0 18150
1769526021619 0.0 18200
1769526036575 0.0 18250
1769526051534 0.0 18300
1769526066490 0.0 18350
1769526081449 0.0 18400
1769526096407 0.0 18450
1769526111365 0.0 18500
1769526126323 0.0 18550
1769526141277 0.0 18600
1769526156238 0.0 18650
1769526171199 0.0 18700
1769526186156 0.0 18750
1769526201110 0.0 18800
1769526216064 0.0 18850
1769526231019 0.0 18900
1769526245975 0.0 18950
1769526260933 0.0 19000
1769526275889 0.0 19050
1769526290842 0.0 19100
1769526305793 0.0 19150
1769526320750 0.0 19200
1769526335706 0.0 19250
1769526350661 0.0 19300
1769526365617 0.0 19350
1769526380572 0.0 19400
1769526395530 0.0 19450
1769526410483 0.0 19500
1769526425439 0.0 19550
1769526440393 0.0 19600
1769526455346 0.0 19650
1769526470301 0.0 19700
1769526485256 0.0 19750
1769526500277 0.0 19800
1769526515224 0.0 19850
1769526589586 0.0 19900
1769526604516 0.0 19950
1769526619476 0.0 20000
1769526634406 0.0 20050
1769526649332 0.0 20100
1769526664255 0.0 20150
1769526679182 0.0 20200
1769526694108 0.0 20250
1769526709034 0.0 20300
1769526723959 0.0 20350
1769526738886 0.0 20400
1769526753810 0.0 20450
1769526768734 0.0 20500
1769526783655 0.0 20550
1769526798581 0.0 20600
1769526813506 0.0 20650
1769526828428 0.0 20700
1769526843352 0.0 20750
1769526858275 0.0 20800
1769526873203 0.0 20850
1769526888129 0.0 20900
1769526903057 0.0 20950
1769526917987 0.0 21000
1769526932918 0.0 21050
1769526947848 0.0 21100
1769526962776 0.0 21150
1769526977705 0.0 21200
1769526992637 0.0 21250
1769527007567 0.0 21300
1769527022499 0.0 21350
1769527037430 0.0 21400
1769527052364 0.0 21450
1769527067294 0.0 21500
1769527082225 0.0 21550
1769527097153 0.0 21600
1769527112083 0.0 21650
1769527127009 0.0 21700
1769527141940 0.0 21750
1769527156872 0.0 21800
1769527171807 0.0 21850
1769527186735 0.0 21900
1769527201662 0.0 21950
1769527216591 0.0 22000
1769527231518 0.0 22050
1769527246451 0.0 22100
1769527261381 0.0 22150
1769527276314 0.0 22200
1769527291245 0.0 22250
1769527306173 0.0 22300
1769527321107 0.0 22350
1769527336038 0.0 22400
1769527350966 0.0 22450
1769527365934 0.0 22500
1769527380859 0.0 22550
1769527395788 0.0 22600
1769527410724 0.0 22650
1769527485036 0.0 22700
1769527499997 0.0 22750
1769527514963 0.0 22800
1769527529927 0.0 22850
1769527544887 0.0 22900
1769527559854 0.0 22950
1769527574818 0.0 23000
1769527589774 0.0 23050
1769527604734 0.0 23100
1769527619694 0.0 23150
1769527634653 0.0 23200
1769527649612 0.0 23250
1769527664567 0.0 23300
1769527679527 0.0 23350
1769527694482 0.0 23400
1769527709438 0.0 23450
1769527724406 0.0 23500
1769527739367 0.0 23550
1769527754329 0.0 23600
1769527769283 0.0 23650
1769527784239 0.0 23700
1769527799193 0.0 23750
1769527814148 0.0 23800
1769527829107 0.0 23850
1769527844070 0.0 23900
1769527859026 0.0 23950
1769527873984 0.0 24000
1769527888943 0.0 24050
1769527903898 0.0 24100
1769527918856 0.0 24150
1769527933814 0.0 24200
1769527948775 0.0 24250
1769527963735 0.0 24300
1769527978701 0.0 24350
1769527993665 0.0 24400
1769528008625 0.0 24450
1769528023582 0.0 24500
1769528038538 0.0 24550
1769528053497 0.0 24600
1769528068458 0.0 24650
1769528083416 0.0 24700
1769528098372 0.0 24750
1769528113330 0.0 24800
1769528128283 0.0 24850
1769528143238 0.0 24900
1769528158193 0.0 24950
1769528173147 0.0 25000
1769528188149 0.0 25050
1769528203102 0.0 25100
1769528218058 0.0 25150
1769528233012 0.0 25200
1769528247967 0.0 25250
1769528262921 0.0 25300
1769528277875 0.0 25350
1769528292828 0.0 25400
1769528307785 0.0 25450
1769528322750 0.0 25500
1769528397417 0.0 25550
1769528412356 0.0 25600
1769528427295 0.0 25650
1769528442226 0.0 25700
1769528457158 0.0 25750
1769528472091 0.0 25800
1769528487024 0.0 25850
1769528501967 0.0 25900
1769528516899 0.0 25950
1769528531830 0.0 26000
1769528546763 0.0 26050
1769528561696 0.0 26100
1769528576629 0.0 26150
1769528591557 0.0 26200
1769528606489 0.0 26250
1769528621419 0.0 26300
1769528636347 0.0 26350
1769528651278 0.0 26400
1769528666459 0.0 26450
1769528681388 0.0 26500
1769528696319 0.0 26550
1769528711253 0.0 26600
1769528726190 0.0 26650
1769528741126 0.0 26700
1769528756057 0.0 26750
1769528770996 0.0 26800
1769528785925 0.0 26850
1769528800854 0.0 26900
1769528815781 0.0 26950
1769528830708 0.0 27000
1769528845638 0.0 27050
1769528860564 0.0 27100
1769528875490 0.0 27150
1769528890415 0.0 27200
1769528905342 0.0 27250
1769528920269 0.0 27300
1769528935196 0.0 27350
1769528950124 0.0 27400
1769528965050 0.0 27450
1769528979973 0.0 27500
1769528994901 0.0 27550
1769529009828 0.0 27600
1769529024754 0.0 27650
1769529039697 0.0 27700
1769529054626 0.0 27750
1769529069553 0.0 27800
1769529084481 0.0 27850
1769529099407 0.0 27900
1769529114335 0.0 27950
1769529129262 0.0 28000
1769529144234 0.0 28050
1769529159164 0.0 28100
1769529174156 0.0 28150
1769529189137 0.0 28200
1769529204101 0.0 28250
1769529219042 0.0 28300
1769529233965 0.0 28350
1769529314934 0.0 28400
1769529329914 0.0 28450
1769529344880 0.0 28500
1769529359847 0.0 28550
1769529374817 0.0 28600
1769529389783 0.0 28650
1769529404751 0.0 28700
1769529419722 0.0 28750
1769529434685 0.0 28800
1769529449647 0.0 28850
1769529464609 0.0 28900
1769529479569 0.0 28950
1769529494535 0.0 29000
1769529509500 0.0 29050
1769529524462 0.0 29100
1769529539422 0.0 29150
1769529554388 0.0 29200
1769529569350 0.0 29250
1769529584317 0.0 29300
1769529599284 0.0 29350
1769529614246 0.0 29400
1769529629210 0.0 29450
1769529644173 0.0 29500
1769529659141 0.0 29550
1769529674105 0.0 29600
1769529689063 0.0 29650
1769529704020 0.0 29700
1769529718981 0.0 29750
1769529734000 0.0 29800
1769529748963 0.0 29850
1769529763922 0.0 29900
1769529778884 0.0 29950
1769529793847 0.0 30000
1769529808809 0.0 30050
1769529823770 0.0 30100
1769529838730 0.0 30150
1769529853690 0.0 30200
1769529868648 0.0 30250
1769529883607 0.0 30300
1769529898567 0.0 30350
1769529913525 0.0 30400
1769529928483 0.0 30450
1769529943445 0.0 30500
1769529958404 0.0 30550
1769529973370 0.0 30600
1769529988329 0.0 30650
1769530003291 0.0 30700
1769530018274 0.0 30750
1769530033234 0.0 30800
1769530048197 0.0 30850
1769530063157 0.0 30900
1769530078117 0.0 30950
1769530093077 0.0 31000
1769530108033 0.0 31050
1769530122994 0.0 31100
1769530137965 0.0 31150
1769530213356 0.0 31200
1769530228293 0.0 31250
1769530243225 0.0 31300
1769530258158 0.0 31350
1769530273088 0.0 31400
1769530288019 0.0 31450
1769530302948 0.0 31500
1769530317880 0.0 31550
1769530332812 0.0 31600
1769530347744 0.0 31650
1769530362676 0.0 31700
1769530377607 0.0 31750
1769530392537 0.0 31800
1769530407471 0.0 31850
1769530422405 0.0 31900
1769530437345 0.0 31950
1769530452283 0.0 32000
1769530467231 0.0 32050
1769530482166 0.0 32100
1769530497107 0.0 32150
1769530512043 0.0 32200
1769530526974 0.0 32250
1769530541908 0.0 32300
1769530556860 0.0 32350
1769530571798 0.0 32400
1769530586735 0.0 32450
1769530601670 0.0 32500
1769530616602 0.0 32550
1769530631529 0.0 32600
1769530646463 0.0 32650
1769530661396 0.0 32700
1769530676329 0.0 32750
1769530691259 0.0 32800
1769530706189 0.0 32850
1769530721118 0.0 32900
1769530736050 0.0 32950
1769530750981 0.0 33000
1769530765911 0.0 33050
1769530780853 0.0 33100
1769530795793 0.0 33150
1769530810729 0.0 33200
1769530825660 0.0 33250
1769530840588 0.0 33300
1769530855516 0.0 33350
1769530870445 0.0 33400
1769530885376 0.0 33450
1769530900303 0.0 33500
1769530915231 0.0 33550
1769530930166 0.0 33600
1769530945095 0.0 33650
1769530960033 0.0 33700
1769530974963 0.0 33750
1769530989892 0.0 33800
1769531004822 0.0 33850
1769531019755 0.0 33900
1769531034690 0.0 33950
1769531049634 0.0 34000
1769531124917 0.0 34050
1769531139894 0.0 34100
1769531154870 0.0 34150
1769531169848 0.0 34200
1769531184815 0.0 34250
1769531199784 0.0 34300
1769531214754 0.0 34350
1769531229722 0.0 34400
1769531244688 0.0 34450
1769531259656 0.0 34500
1769531274627 0.0 34550
1769531289589 0.0 34600
1769531304550 0.0 34650
1769531319508 0.0 34700
1769531334463 0.0 34750
1769531349432 0.0 34800
1769531364391 0.0 34850
1769531379348 0.0 34900
1769531394305 0.0 34950
1769531409267 0.0 35000
1769531424237 0.0 35050
1769531439194 0.0 35100
1769531454151 0.0 35150
1769531469110 0.0 35200
1769531484070 0.0 35250
1769531499029 0.0 35300
1769531513990 0.0 35350
1769531528951 0.0 35400
1769531543916 0.0 35450
1769531558874 0.0 35500
1769531573834 0.0 35550
1769531588797 0.0 35600
1769531603763 0.0 35650
1769531618726 0.0 35700
1769531633691 0.0 35750
1769531648656 0.0 35800
1769531663621 0.0 35850
1769531678579 0.0 35900
1769531693542 0.0 35950
1769531708506 0.0 36000
1769531723472 0.0 36050
1769531738432 0.0 36100
1769531753389 0.0 36150
1769531768348 0.0 36200
1769531783306 0.0 36250
1769531798265 0.0 36300
1769531813225 0.0 36350
1769531828183 0.0 36400
1769531843145 0.0 36450
1769531858104 0.0 36500
1769531873064 0.0 36550
1769531888025 0.0 36600
1769531902984 0.0 36650
1769531917943 0.0 36700
1769531932902 0.0 36750
1769531947865 0.0 36800
1769531962835 0.0 36850
1769532037049 0.0 36900
1769532051981 0.0 36950
1769532066912 0.0 37000
1769532081843 0.0 37050
1769532096771 0.0 37100
1769532111704 0.0 37150
1769532126636 0.0 37200
1769532141568 0.0 37250
1769532156502 0.0 37300
1769532171434 0.0 37350
1769532186368 0.0 37400
1769532201300 0.0 37450
1769532216230 0.0 37500
1769532231164 0.0 37550
1769532246093 0.0 37600
1769532261027 0.0 37650
1769532275958 0.0 37700
1769532290892 0.0 37750
1769532305830 0.0 37800
1769532320766 0.0 37850
1769532335703 0.0 37900
1769532350638 0.0 37950
1769532365566 0.0 38000
1769532380495 0.0 38050
1769532395425 0.0 38100
1769532410354 0.0 38150
1769532425282 0.0 38200
1769532440210 0.0 38250
1769532455138 0.0 38300
1769532470069 0.0 38350
1769532485001 0.0 38400
1769532499931 0.0 38450
1769532514862 0.0 38500
1769532529795 0.0 38550
1769532544753 0.0 38600
1769532559688 0.0 38650
1769532574623 0.0 38700
1769532589559 0.0 38750
1769532604491 0.0 38800
1769532619424 0.0 38850
1769532634358 0.0 38900
1769532649289 0.0 38950
1769532664219 0.0 39000
1769532679151 0.0 39050
1769532694083 0.0 39100
1769532709022 0.0 39150
1769532723958 0.0 39200
1769532738889 0.0 39250
1769532753818 0.0 39300
1769532768748 0.0 39350
1769532783681 0.0 39400
1769532798612 0.0 39450
1769532813543 0.0 39500
1769532828476 0.0 39550
1769532843415 0.0 39600
1769532858364 0.0 39650
1769532873294 0.0 39700
1769532947792 0.0 39750
1769532962756 0.0 39800
1769532977734 0.0 39850
1769532992702 0.0 39900
1769533007667 0.0 39950
1769533022639 0.0 40000
1769533037604 0.0 40050
1769533052566 0.0 40100
1769533067534 0.0 40150
1769533082500 0.0 40200
1769533097472 0.0 40250
1769533112461 0.0 40300
1769533127428 0.0 40350
1769533142392 0.0 40400
1769533157363 0.0 40450
1769533172327 0.0 40500
1769533187287 0.0 40550
1769533202252 0.0 40600
1769533217217 0.0 40650
1769533232194 0.0 40700
1769533247157 0.0 40750
1769533262127 0.0 40800
1769533277095 0.0 40850
1769533292057 0.0 40900
1769533307021 0.0 40950
1769533321982 0.0 41000
1769533336945 0.0 41050
1769533351913 0.0 41100
1769533366879 0.0 41150
1769533381841 0.0 41200
1769533396803 0.0 41250
1769533411767 0.0 41300
1769533426731 0.0 41350
1769533441691 0.0 41400
1769533456658 0.0 41450
1769533471622 0.0 41500
1769533486586 0.0 41550
1769533501553 0.0 41600
1769533516516 0.0 41650
1769533531479 0.0 41700
1769533546441 0.0 41750
1769533561406 0.0 41800
1769533576370 0.0 41850
1769533591335 0.0 41900
1769533606305 0.0 41950
1769533621270 0.0 42000
1769533636234 0.0 42050
1769533651202 0.0 42100
1769533666171 0.0 42150
1769533681143 0.0 42200
1769533696108 0.0 42250
1769533711071 0.0 42300
1769533726036 0.0 42350
1769533741005 0.0 42400
1769533755977 0.0 42450
1769533770951 0.0 42500
1769533857350 0.0 42550
1769533872291 0.0 42600
1769533887234 0.0 42650
1769533902175 0.0 42700
1769533917116 0.0 42750
1769533932055 0.0 42800
1769533946994 0.0 42850
1769533961933 0.0 42900
1769533976871 0.0 42950
1769533991809 0.0 43000
1769534006752 0.0 43050
1769534021686 0.0 43100
1769534036627 0.0 43150
1769534051569 0.0 43200
1769534066505 0.0 43250
1769534081439 0.0 43300
1769534096376 0.0 43350
1769534111314 0.0 43400
1769534126255 0.0 43450
1769534141194 0.0 43500
1769534156132 0.0 43550
1769534171065 0.0 43600
1769534186000 0.0 43650
1769534200933 0.0 43700
1769534215906 0.0 43750
1769534230847 0.0 43800
1769534245785 0.0 43850
1769534260719 0.0 43900
1769534275656 0.0 43950
1769534290590 0.0 44000
1769534305646 0.0 44050
1769534320584 0.0 44100
1769534335524 0.0 44150
1769534350465 0.0 44200
1769534365415 0.0 44250
1769534380363 0.0 44300
1769534395298 0.0 44350
1769534410240 0.0 44400
1769534425179 0.0 44450
1769534440115 0.0 44500
1769534455051 0.0 44550
1769534470008 0.0 44600
1769534484945 0.0 44650
1769534499889 0.0 44700
1769534514824 0.0 44750
1769534529760 0.0 44800
1769534544695 0.0 44850
1769534559661 0.0 44900
1769534574594 0.0 44950
1769534589529 0.0 45000
1769534604466 0.0 45050
1769534619399 0.0 45100
1769534634335 0.0 45150
1769534649269 0.0 45200
1769534664238 0.0 45250
1769534679251 0.0 45300
1769534694210 0.0 45350
1769534789711 0.0 45400
1769534804685 0.0 45450
1769534819649 0.0 45500
1769534834613 0.0 45550
1769534849578 0.0 45600
1769534864558 0.0 45650
1769534879523 0.0 45700
1769534894492 0.0 45750
1769534909468 0.0 45800
1769534924441 0.0 45850
1769534939413 0.0 45900
1769534954381 0.0 45950
1769534969348 0.0 46000
1769534984318 0.0 46050
1769534999288 0.0 46100
1769535014263 0.0 46150
1769535029232 0.0 46200
1769535044202 0.0 46250
1769535059171 0.0 46300
1769535074139 0.0 46350
1769535089109 0.0 46400
1769535104075 0.0 46450
1769535119040 0.0 46500
1769535134005 0.0 46550
1769535148968 0.0 46600
1769535163935 0.0 46650
1769535178899 0.0 46700
1769535193864 0.0 46750
1769535208829 0.0 46800
1769535223794 0.0 46850
1769535238761 0.0 46900
1769535253729 0.0 46950
1769535268693 0.0 47000
1769535283660 0.0 47050
1769535298623 0.0 47100
1769535313589 0.0 47150
1769535328554 0.0 47200
1769535343519 0.0 47250
1769535358514 0.0 47300
1769535373480 0.0 47350
1769535388519 0.0 47400
1769535403484 0.0 47450
1769535418508 0.0 47500
1769535433473 0.0 47550
1769535448513 0.0 47600
1769535463486 0.0 47650
1769535478519 0.0 47700
1769535493501 0.0 47750
1769535508526 0.0 47800
1769535523501 0.0 47850
1769535538527 0.0 47900
1769535553501 0.0 47950
1769535568566 0.0 48000
1769535583543 0.0 48050
1769535598526 0.0 48100
1769535613516 0.0 48150
1769535628526 0.0 48200
1769535708292 0.0 48250
1769535723240 0.0 48300
1769535738177 0.0 48350
1769535753116 0.0 48400
1769535768057 0.0 48450
1769535782994 0.0 48500
1769535797931 0.0 48550
1769535812869 0.0 48600
1769535827809 0.0 48650
1769535842753 0.0 48700
1769535857690 0.0 48750
1769535872633 0.0 48800
1769535887576 0.0 48850
1769535902510 0.0 48900
1769535917446 0.0 48950
1769535932380 0.0 49000
1769535947314 0.0 49050
1769535962252 0.0 49100
1769535977187 0.0 49150
1769535992122 0.0 49200
1769536007057 0.0 49250
1769536021992 0.0 49300
1769536036927 0.0 49350
1769536051861 0.0 49400
1769536066834 0.0 49450
1769536081771 0.0 49500
1769536096705 0.0 49550
1769536111638 0.0 49600
1769536126574 0.0 49650
1769536141512 0.0 49700
1769536156451 0.0 49750
1769536171392 0.0 49800
1769536186328 0.0 49850
1769536201264 0.0 49900
1769536216202 0.0 49950
1769536231138 0.0 50000
1769536246071 0.0 50050
1769536261006 0.0 50100
1769536275938 0.0 50150
1769536290874 0.0 50200
1769536305810 0.0 50250
1769536320745 0.0 50300
1769536335679 0.0 50350
1769536350614 0.0 50400
1769536365551 0.0 50450
1769536380486 0.0 50500
1769536395422 0.0 50550
1769536410353 0.0 50600
1769536425286 0.0 50650
1769536440228 0.0 50700
1769536455167 0.0 50750
1769536470103 0.0 50800
1769536485058 0.0 50850
1769536500002 0.0 50900
1769536514940 0.0 50950
1769536529886 0.0 51000
1769536604476 0.0 51050
1769536619476 0.0 51100
1769536634466 0.0 51150
1769536649447 0.0 51200
1769536664417 0.0 51250
1769536679392 0.0 51300
1769536694364 0.0 51350
1769536709335 0.0 51400
1769536724313 0.0 51450
1769536739286 0.0 51500
1769536754261 0.0 51550
1769536769233 0.0 51600
1769536784213 0.0 51650
1769536799187 0.0 51700
1769536814159 0.0 51750
1769536829134 0.0 51800
1769536844102 0.0 51850
1769536859070 0.0 51900
1769536874038 0.0 51950
1769536889003 0.0 52000
1769536903972 0.0 52050
1769536918937 0.0 52100
1769536933905 0.0 52150
1769536948875 0.0 52200
1769536963843 0.0 52250
1769536978813 0.0 52300
1769536993789 0.0 52350
1769537008766 0.0 52400
1769537023742 0.0 52450
1769537038713 0.0 52500
1769537053684 0.0 52550
1769537068658 0.0 52600
1769537083634 0.0 52650
1769537098610 0.0 52700
1769537113588 0.0 52750
1769537128563 0.0 52800
1769537143535 0.0 52850
1769537158561 0.0 52900
1769537173532 0.0 52950
1769537188557 0.0 53000
1769537203527 0.0 53050
1769537218560 0.0 53100
1769537233527 0.0 53150
1769537248566 0.0 53200
1769537263545 0.0 53250
1769537278563 0.0 53300
1769537293539 0.0 53350
1769537308562 0.0 53400
1769537323533 0.0 53450
1769537338563 0.0 53500
1769537353532 0.0 53550
1769537368559 0.0 53600
1769537383526 0.0 53650
1769537398556 0.0 53700
1769537413526 0.0 53750
1769537428562 0.0 53800
1769537443541 0.0 53850
1769537518142 0.0 53900
1769537533080 0.0 53950
1769537548021 0.0 54000
1769537562960 0.0 54050
1769537577895 0.0 54100
1769537592834 0.0 54150
1769537607769 0.0 54200
1769537622704 0.0 54250
1769537637640 0.0 54300
1769537652576 0.0 54350
1769537667527 0.0 54400
1769537682461 0.0 54450
1769537697396 0.0 54500
1769537712332 0.0 54550
1769537727268 0.0 54600
1769537742208 0.0 54650
1769537757143 0.0 54700
1769537772078 0.0 54750
1769537787012 0.0 54800
1769537801945 0.0 54850
1769537816880 0.0 54900
1769537831815 0.0 54950
1769537846748 0.0 55000
1769537861680 0.0 55050
1769537876612 0.0 55100
1769537891548 0.0 55150
1769537906482 0.0 55200
1769537921418 0.0 55250
1769537936352 0.0 55300
1769537951285 0.0 55350
1769537966219 0.0 55400
1769537981151 0.0 55450
1769537996082 0.0 55500
1769538011015 0.0 55550
1769538025947 0.0 55600
1769538040884 0.0 55650
1769538055822 0.0 55700
1769538070761 0.0 55750
1769538085699 0.0 55800
1769538100643 0.0 55850
1769538115583 0.0 55900
1769538130520 0.0 55950
1769538145456 0.0 56000
1769538160391 0.0 56050
1769538175332 0.0 56100
1769538190271 0.0 56150
1769538205206 0.0 56200
1769538220142 0.0 56250
1769538235080 0.0 56300
1769538250026 0.0 56350
1769538264969 0.0 56400
1769538279907 0.0 56450
1769538294846 0.0 56500
1769538309782 0.0 56550
1769538324717 0.0 56600
1769538339654 0.0 56650
1769538354600 0.0 56700
1769520154504 0.0 0
