1769520154504 1023.1483154296875 0
1769520169592 1553.9307861328125 50
1769520184639 1527.7998046875 100
1769520199686 1343.2164306640625 150
1769520214727 1352.4716796875 200
1769520229755 1524.88232421875 250
1769520244781 1466.509033203125 300
1769520259806 1278.27685546875 350
1769520274858 1306.8818359375 400
1769520289845 1277.146728515625 450
1769520304811 1421.1220703125 500
1769520319767 1206.5809326171875 550
1769520334724 1361.4263916015625 600
1769520349682 1259.7550048828125 650
1769520364639 1271.642333984375 700
1769520379600 1423.141357421875 750
1769520394594 1207.7593994140625 800
1769520409587 1234.8177490234375 850
1769520424580 1257.2685546875 900
1769520439574 1309.858154296875 950
1769520454566 1355.6383056640625 1000
1769520469560 1148.53857421875 1050
1769520484536 1197.14208984375 1100
1769520499501 1395.190673828125 1150
1769520514466 1361.4176025390625 1200
1769520529419 1196.085205078125 1250
1769520544378 1254.885009765625 1300
1769520559331 1416.705078125 1350
1769520574285 1217.2794189453125 1400
1769520589238 1315.3001708984375 1450
1769520604193 1321.841064453125 1500
1769520619146 1113.459228515625 1550
1769520634103 1217.229736328125 1600
1769520649059 1233.859375 1650
1769520664023 1210.261962890625 1700
1769520678982 1140.96142578125 1750
1769520693939 1232.938232421875 1800
1769520708898 1281.50390625 1850
1769520723855 1396.699462890625 1900
1769520738810 1308.7984619140625 1950
1769520753764 1270.444091796875 2000
1769520768721 1261.431884765625 2050
1769520783677 1277.2235107421875 2100
1769520798650 1228.215087890625 2150
1769520813637 1326.21240234375 2200
1769520828612 1261.48193359375 2250
1769520843572 1264.8746337890625 2300
1769520858533 1233.41064453125 2350
1769520873496 1257.857421875 2400
1769520888450 1252.620361328125 2450
1769520903460 1290.1077880859375 2500
1769520918455 1509.1380615234375 2550
1769520933455 1471.67236328125 2600
1769520948454 1426.771240234375 2650
1769520963457 1147.023681640625 2700
1769520978455 1292.93408203125 2750
1769520993460 1195.8231201171875 2800
1769521070052 1302.47021484375 2850
1769521084974 1177.2861328125 2900
1769521099895 1327.258056640625 2950
1769521114815 1302.388671875 3000
1769521129738 1356.846435546875 3050
1769521144659 1337.77734375 3100
1769521159577 1219.40576171875 3150
1769521174500 1368.8306884765625 3200
1769521189420 1460.336181640625 3250
1769521204341 1275.947021484375 3300
1769521219262 1386.361328125 3350
1769521234185 1460.480712890625 3400
1769521249105 1345.666748046875 3450
1769521264056 1370.669677734375 3500
1769521279042 1208.62890625 3550
1769521293995 1303.192626953125 3600
1769521308948 1268.5830078125 3650
1769521323897 1564.419921875 3700
1769521338849 1200.785888671875 3750
1769521353802 1271.4210205078125 3800
1769521368755 1225.84375 3850
1769521383705 1362.5335693359375 3900
1769521398638 1262.7989501953125 3950
1769521413557 1232.365234375 4000
1769521428480 1254.6724853515625 4050
1769521443422 1313.3634033203125 4100
1769521458342 1411.3681640625 4150
1769521473261 1253.19140625 4200
1769521488182 1160.238037109375 4250
1769521503100 1240.021240234375 4300
1769521518019 1350.716552734375 4350
1769521532938 1297.5247802734375 4400
1769521547868 1301.22509765625 4450
1769521562788 1336.523681640625 4500
1769521577881 1245.2891845703125 4550
1769521592805 1302.393798828125 4600
1769521607725 1375.01025390625 4650
1769521622651 1411.9188232421875 4700
1769521637575 1488.881591796875 4750
1769521652498 1388.7794189453125 4800
1769521667471 1308.2154541015625 4850
1769521682436 1445.65869140625 4900
1769521697391 1430.917236328125 4950
1769521712348 1311.54638671875 5000
1769521727304 1272.8568115234375 5050
1769521742264 1448.1800537109375 5100
1769521757222 1365.7462158203125 5150
1769521772181 1364.1417236328125 5200
1769521787131 1446.926513671875 5250
1769521802053 1339.15625 5300
1769521816975 1455.09521484375 5350
1769521831899 1413.866455078125 5400
1769521846818 1415.647216796875 5450
1769521861738 1435.9410400390625 5500
1769521876716 1364.0732421875 5550
1769521891637 1435.216552734375 5600
1769521906610 1330.021240234375 5650
1769521981035 1557.9093017578125 5700
1769521996024 1529.17578125 5750
1769522010983 1549.70263671875 5800
1769522025946 1523.0184326171875 5850
1769522040908 1325.6282958984375 5900
1769522055871 1454.046875 5950
1769522070858 1359.4267578125 6000
1769522085904 1520.9052734375 6050
1769522100911 1423.1668701171875 6100
1769522115917 1307.90380859375 6150
1769522130920 1262.4007568359375 6200
1769522145923 1549.342529296875 6250
1769522160924 1376.098876953125 6300
1769522175928 1452.621337890625 6350
1769522190929 1423.124755859375 6400
1769522205905 1345.088134765625 6450
1769522220855 1419.4412841796875 6500
1769522235801 1347.009765625 6550
1769522250755 1467.861328125 6600
1769522265709 1525.96826171875 6650
1769522280666 1388.6781005859375 6700
1769522295619 1518.60400390625 6750
1769522310570 1559.921875 6800
1769522325524 1496.99072265625 6850
1769522340475 1443.0740966796875 6900
1769522355427 1440.828857421875 6950
1769522370386 1535.737060546875 7000
1769522385336 1356.271728515625 7050
1769522400285 1522.463623046875 7100
1769522415237 1639.260498046875 7150
1769522430188 1433.122314453125 7200
1769522445141 1575.73388671875 7250
1769522460091 1777.5283203125 7300
1769522475042 1319.82861328125 7350
1769522490043 1238.0545654296875 7400
1769522505069 1388.60546875 7450
1769522520069 1278.043212890625 7500
1769522535063 1452.1177978515625 7550
1769522550055 1544.2249755859375 7600
1769522565046 1668.251708984375 7650
1769522580037 1592.6593017578125 7700
1769522595034 1605.4271240234375 7750
1769522610024 1492.494384765625 7800
1769522624990 1432.356689453125 7850
1769522639947 1719.3447265625 7900
1769522654904 1728.1705322265625 7950
1769522669861 1692.690185546875 8000
1769522684814 1523.122314453125 8050
1769522699771 1545.083984375 8100
1769522714743 1509.268310546875 8150
1769522729699 1393.6939697265625 8200
1769522744656 1639.475341796875 8250
1769522759666 1584.20556640625 8300
1769522774636 1456.260009765625 8350
1769522789591 1597.928466796875 8400
1769522804558 1614.1287841796875 8450
1769522819512 1611.919677734375 8500
1769522893904 1304.158935546875 8550
1769522908897 1487.08203125 8600
1769522923858 1842.42919921875 8650
1769522938818 1646.21630859375 8700
1769522953781 1576.1220703125 8750
1769522968750 1743.978515625 8800
1769522983712 1474.4664306640625 8850
1769522998678 1584.223388671875 8900
1769523013638 2302.740478515625 8950
1769523028591 1710.9002685546875 9000
1769523043516 1664.9957275390625 9050
1769523058439 1646.6365966796875 9100
1769523073364 1524.343505859375 9150
1769523088293 1492.41552734375 9200
1769523103219 1409.548095703125 9250
1769523118140 1395.34326171875 9300
1769523133061 1450.2152099609375 9350
1769523147982 1486.8614501953125 9400
1769523162903 1519.9268798828125 9450
1769523177826 1414.57470703125 9500
1769523192749 1366.32275390625 9550
1769523207675 1383.44091796875 9600
1769523222599 1452.91796875 9650
1769523237520 1336.482421875 9700
1769523252445 1521.622314453125 9750
1769523267366 1373.1795654296875 9800
1769523282287 1469.14306640625 9850
1769523297209 1568.142822265625 9900
1769523312186 1750.50048828125 9950
1769523327876 1496.4725341796875 10000
1769523342836 1562.21484375 10050
1769523357843 1382.1185302734375 10100
1769523372797 1606.8583984375 10150
1769523387755 1496.262939453125 10200
1769523402709 1407.79248046875 10250
1769523417662 1345.412109375 10300
1769523432615 1482.9735107421875 10350
1769523447539 1415.8394775390625 10400
1769523462465 1612.877197265625 10450
1769523477391 1622.058837890625 10500
1769523492319 1622.71923828125 10550
1769523507253 1533.8946533203125 10600
1769523522192 1377.484619140625 10650
1769523537132 1542.348876953125 10700
1769523552071 1610.60205078125 10750
1769523567022 1548.9964599609375 10800
1769523581962 1542.542236328125 10850
1769523596908 1428.6983642578125 10900
1769523611849 1540.1968994140625 10950
1769523626791 1515.49169921875 11000
1769523641733 1460.273681640625 11050
1769523656698 1559.762939453125 11100
1769523671680 1496.349853515625 11150
1769523686644 1540.7054443359375 11200
1769523701611 1513.3798828125 11250
1769523716576 1585.099853515625 11300
1769523792418 1405.3492431640625 11350
1769523807389 1420.507080078125 11400
1769523822360 1503.34326171875 11450
1769523837342 1449.839111328125 11500
1769523852315 1411.07470703125 11550
1769523867295 1501.29443359375 11600
1769523882283 1656.81640625 11650
1769523897336 1424.254638671875 11700
1769523912367 1615.894287109375 11750
1769523927370 1514.2259521484375 11800
1769523942370 1577.0050048828125 11850
1769523957372 1562.9168701171875 11900
1769523972371 1431.9263916015625 11950
1769523987377 1474.5745849609375 12000
1769524002378 1642.146484375 12050
1769524017381 1472.3560791015625 12100
1769524032347 1520.232666015625 12150
1769524047306 1552.876953125 12200
1769524062272 1411.4833984375 12250
1769524077230 1429.6534423828125 12300
1769524092190 1448.0694580078125 12350
1769524107150 1631.247802734375 12400
1769524122113 1611.968505859375 12450
1769524137075 1478.6053466796875 12500
1769524152036 1558.4932861328125 12550
1769524167002 1630.08642578125 12600
1769524181984 1601.363037109375 12650
1769524196991 1578.016357421875 12700
1769524211949 1420.8447265625 12750
1769524226910 1449.44287109375 12800
1769524241870 1428.4423828125 12850
1769524256830 1559.741455078125 12900
1769524271791 1696.293212890625 12950
1769524286758 1516.5091552734375 13000
1769524301721 1618.756103515625 13050
1769524316681 1413.7513427734375 13100
1769524331643 1587.6431884765625 13150
1769524346606 1515.444580078125 13200
1769524361565 1683.6982421875 13250
1769524376521 1790.458984375 13300
1769524391481 1581.124267578125 13350
1769524406441 1587.8582763671875 13400
1769524421403 1549.9327392578125 13450
1769524436366 1344.900146484375 13500
1769524451331 1538.1282958984375 13550
1769524466296 1570.5404052734375 13600
1769524481258 1572.633544921875 13650
1769524496223 1438.4697265625 13700
1769524511183 1562.02734375 13750
1769524526145 1589.9959716796875 13800
1769524541103 1568.6112060546875 13850
1769524556062 1481.9345703125 13900
1769524571024 1595.4305419921875 13950
1769524585989 1506.9678955078125 14000
1769524600948 1634.544189453125 14050
1769524615905 1422.548583984375 14100
1769524630878 1562.984130859375 14150
1769524705565 1544.162353515625 14200
1769524720501 1640.32763671875 14250
1769524735433 1354.8260498046875 14300
1769524750363 1759.5068359375 14350
1769524765292 1612.53759765625 14400
1769524780222 1488.154052734375 14450
1769524795151 1486.123291015625 14500
1769524810077 1454.559326171875 14550
1769524825005 1292.0587158203125 14600
1769524839931 1670.154296875 14650
1769524854856 1474.689208984375 14700
1769524869781 1512.5550537109375 14750
1769524884706 1687.575439453125 14800
1769524899632 1504.1292724609375 14850
1769524914562 1515.77978515625 14900
1769524929493 1528.716552734375 14950
1769524944430 1545.407958984375 15000
1769524959358 1693.828857421875 15050
1769524974288 1508.766357421875 15100
1769524989222 1606.2939453125 15150
1769525004157 1524.522705078125 15200
1769525019089 1659.9072265625 15250
1769525034020 1659.9541015625 15300
1769525048955 1637.006103515625 15350
1769525063886 1587.908935546875 15400
1769525078816 1496.61865234375 15450
1769525093743 1511.020751953125 15500
1769525108671 1401.0673828125 15550
1769525123600 1479.900634765625 15600
1769525138533 1604.265625 15650
1769525153466 1614.546875 15700
1769525168393 1510.323974609375 15750
1769525183319 1481.6622314453125 15800
1769525198248 1534.8057861328125 15850
1769525213176 1566.2607421875 15900
1769525228106 1553.1571044921875 15950
1769525243032 1508.7923583984375 16000
1769525257964 1449.6448974609375 16050
1769525272893 1501.3431396484375 16100
1769525287824 1714.158447265625 16150
1769525302758 1607.3922119140625 16200
1769525317687 1638.69140625 16250
1769525332618 1554.080322265625 16300
1769525347546 1675.378662109375 16350
1769525362474 1382.6932373046875 16400
1769525377404 1589.930908203125 16450
1769525392333 1466.3701171875 16500
1769525407258 1468.3531494140625 16550
1769525422199 1576.29638671875 16600
1769525437132 1533.950927734375 16650
1769525452062 1636.54345703125 16700
1769525466993 1441.098388671875 16750
1769525481925 1498.6102294921875 16800
1769525496856 1408.171875 16850
1769525511786 1527.936279296875 16900
1769525526724 1367.313232421875 16950
1769525541655 1488.03662109375 17000
1769525677547 1604.49169921875 17050
1769525692521 1464.960693359375 17100
1769525707487 1759.671630859375 17150
1769525722448 1426.974609375 17200
1769525737405 1523.059814453125 17250
1769525752367 1508.65185546875 17300
1769525767325 1600.8125 17350
1769525782285 1598.771240234375 17400
1769525797239 1516.206298828125 17450
1769525812196 1495.54833984375 17500
1769525827154 1622.1241455078125 17550
1769525842111 1488.073974609375 17600
1769525857072 1742.366943359375 17650
1769525872039 1531.5152587890625 17700
1769525886995 1504.107666015625 17750
1769525901952 1502.3955078125 17800
1769525916909 1406.111572265625 17850
1769525931867 1554.031982421875 17900
1769525946823 1482.76953125 17950
1769525961788 1515.7105712890625 18000
1769525976750 1396.19873046875 18050
1769525991706 1484.5338134765625 18100
1769526006661 1448.9166259765625 18150
1769526021619 1544.1341552734375 18200
1769526036575 1717.393798828125 18250
1769526051534 1456.420166015625 18300
1769526066490 1594.2733154296875 18350
1769526081449 1649.17919921875 18400
1769526096407 1593.7313232421875 18450
1769526111365 1628.4339599609375 18500
1769526126323 1500.6416015625 18550
1769526141277 1419.5406494140625 18600
1769526156238 1715.06201171875 18650
1769526171199 1644.31298828125 18700
1769526186156 1691.381591796875 18750
1769526201110 1444.3055419921875 18800
1769526216064 1519.0823974609375 18850
1769526231019 1674.455810546875 18900
1769526245975 1633.4329833984375 18950
1769526260933 1554.73486328125 19000
1769526275889 1727.1815185546875 19050
1769526290842 1548.304931640625 19100
1769526305793 1603.5643310546875 19150
1769526320750 1668.518798828125 19200
1769526335706 1402.089599609375 19250
1769526350661 1583.998046875 19300
1769526365617 1541.1817626953125 19350
1769526380572 1491.4344482421875 19400
1769526395530 1571.388427734375 19450
1769526410483 1559.5994873046875 19500
1769526425439 1586.44091796875 19550
1769526440393 1516.8538818359375 19600
1769526455346 1587.8382568359375 19650
1769526470301 1507.0484619140625 19700
1769526485256 1598.3387451171875 19750
1769526500277 1525.52001953125 19800
1769526515224 1562.91748046875 19850
1769526589586 1499.4383544921875 19900
1769526604516 1445.658447265625 19950
1769526619476 1689.6722412109375 20000
1769526634406 1714.442626953125 20050
1769526649332 1571.45556640625 20100
1769526664255 1784.1153564453125 20150
1769526679182 1530.3291015625 20200
1769526694108 1528.7376708984375 20250
1769526709034 1649.926025390625 20300
1769526723959 1457.427734375 20350
1769526738886 1648.219482421875 20400
1769526753810 1546.8768310546875 20450
1769526768734 1541.493408203125 20500
1769526783655 1523.505615234375 20550
1769526798581 1582.146484375 20600
1769526813506 1595.5616455078125 20650
1769526828428 1488.31005859375 20700
1769526843352 1517.3096923828125 20750
1769526858275 1729.192626953125 20800
1769526873203 1636.6312255859375 20850
1769526888129 1568.671630859375 20900
1769526903057 1610.423828125 20950
1769526917987 1455.00732421875 21000
1769526932918 1823.008544921875 21050
1769526947848 1585.93310546875 21100
1769526962776 1537.2529296875 21150
1769526977705 1442.314453125 21200
1769526992637 1499.3831787109375 21250
1769527007567 1564.956787109375 21300
1769527022499 1347.4169921875 21350
1769527037430 1359.2197265625 21400
1769527052364 1550.3983154296875 21450
1769527067294 1610.274169921875 21500
1769527082225 1577.40087890625 21550
1769527097153 1557.182373046875 21600
1769527112083 1544.6337890625 21650
1769527127009 1595.077880859375 21700
1769527141940 1627.5753173828125 21750
1769527156872 1508.25439453125 21800
1769527171807 1583.8319091796875 21850
1769527186735 1454.56005859375 21900
1769527201662 1519.2711181640625 21950
1769527216591 1434.714599609375 22000
1769527231518 1556.968994140625 22050
1769527246451 1560.587158203125 22100
1769527261381 1411.428466796875 22150
1769527276314 1686.27490234375 22200
1769527291245 1487.071044921875 22250
1769527306173 1664.7744140625 22300
1769527321107 1697.980224609375 22350
1769527336038 1661.7625732421875 22400
1769527350966 1684.9598388671875 22450
1769527365934 1575.8463134765625 22500
1769527380859 1624.8447265625 22550
1769527395788 1642.9979248046875 22600
1769527410724 1424.49169921875 22650
1769527485036 1605.5704345703125 22700
1769527499997 1459.8924560546875 22750
1769527514963 1715.2784423828125 22800
1769527529927 1576.112548828125 22850
1769527544887 1795.1890869140625 22900
1769527559854 1523.417236328125 22950
1769527574818 1537.9595947265625 23000
1769527589774 1595.5343017578125 23050
1769527604734 1428.077880859375 23100
1769527619694 1514.291259765625 23150
1769527634653 1461.559326171875 23200
1769527649612 1670.865966796875 23250
1769527664567 1662.274169921875 23300
1769527679527 1439.521240234375 23350
1769527694482 1435.7130126953125 23400
1769527709438 1537.41015625 23450
1769527724406 1691.074951171875 23500
1769527739367 1526.099853515625 23550
1769527754329 1661.47412109375 23600
1769527769283 1449.5189208984375 23650
1769527784239 1583.4921875 23700
1769527799193 1675.277587890625 23750
1769527814148 1641.033203125 23800
1769527829107 1595.611328125 23850
1769527844070 1702.930908203125 23900
1769527859026 1616.4613037109375 23950
1769527873984 1610.89404296875 24000
1769527888943 1808.427001953125 24050
1769527903898 1515.7694091796875 24100
1769527918856 1523.843017578125 24150
1769527933814 1560.369140625 24200
1769527948775 1623.9599609375 24250
1769527963735 1526.9564208984375 24300
1769527978701 1538.4293212890625 24350
1769527993665 1611.13916015625 24400
1769528008625 1655.2564697265625 24450
1769528023582 1635.691650390625 24500
1769528038538 1550.27978515625 24550
1769528053497 1766.4595947265625 24600
1769528068458 1492.399169921875 24650
1769528083416 1503.7691650390625 24700
1769528098372 1626.2255859375 24750
1769528113330 1534.3173828125 24800
1769528128283 1615.92431640625 24850
1769528143238 1603.544921875 24900
1769528158193 1556.8466796875 24950
1769528173147 1640.2908935546875 25000
1769528188149 1535.295654296875 25050
1769528203102 1646.0799560546875 25100
1769528218058 1616.398193359375 25150
1769528233012 1631.583740234375 25200
1769528247967 1550.3936767578125 25250
1769528262921 1607.193359375 25300
1769528277875 1394.17138671875 25350
1769528292828 1596.1412353515625 25400
1769528307785 1678.53076171875 25450
1769528322750 1734.965576171875 25500
1769528397417 1569.205810546875 25550
1769528412356 1593.8564453125 25600
1769528427295 1353.195556640625 25650
1769528442226 1531.988037109375 25700
1769528457158 1630.709716796875 25750
1769528472091 1526.331298828125 25800
1769528487024 1600.249755859375 25850
1769528501967 1485.904541015625 25900
1769528516899 1684.668701171875 25950
1769528531830 1552.202880859375 26000
1769528546763 1614.37060546875 26050
1769528561696 1695.573974609375 26100
1769528576629 1559.506103515625 26150
1769528591557 1484.50341796875 26200
1769528606489 1699.29931640625 26250
1769528621419 1650.695556640625 26300
1769528636347 1545.659912109375 26350
1769528651278 1650.0557861328125 26400
1769528666459 1659.7193603515625 26450
1769528681388 1534.519775390625 26500
1769528696319 1505.1033935546875 26550
1769528711253 1548.658203125 26600
1769528726190 1402.1597900390625 26650
1769528741126 1545.01220703125 26700
1769528756057 1715.6929931640625 26750
1769528770996 1608.84765625 26800
1769528785925 1525.8651123046875 26850
1769528800854 1652.560546875 26900
1769528815781 1740.22265625 26950
1769528830708 1612.9423828125 27000
1769528845638 1593.77099609375 27050
1769528860564 1733.6644287109375 27100
1769528875490 1687.381103515625 27150
1769528890415 1561.69921875 27200
1769528905342 1569.4453125 27250
1769528920269 1542.23193359375 27300
1769528935196 1602.92333984375 27350
1769528950124 1689.702880859375 27400
1769528965050 1522.95556640625 27450
1769528979973 1474.3829345703125 27500
1769528994901 1493.8477783203125 27550
1769529009828 1561.0689697265625 27600
1769529024754 1557.918701171875 27650
1769529039697 1622.925048828125 27700
1769529054626 1585.25 27750
1769529069553 1520.036376953125 27800
1769529084481 1515.05419921875 27850
1769529099407 1448.086669921875 27900
1769529114335 1756.853515625 27950
1769529129262 1433.5660400390625 28000
1769529144234 1579.1671142578125 28050
1769529159164 1589.360595703125 28100
1769529174156 1739.4825439453125 28150
1769529189137 1515.428955078125 28200
1769529204101 1644.47119140625 28250
1769529219042 1721.61376953125 28300
1769529233965 1577.8466796875 28350
1769529314934 1516.797119140625 28400
1769529329914 1440.4912109375 28450
1769529344880 1648.0489501953125 28500
1769529359847 1706.81884765625 28550
1769529374817 1524.405517578125 28600
1769529389783 1619.6795654296875 28650
1769529404751 1580.95263671875 28700
1769529419722 1716.951171875 28750
1769529434685 1732.4990234375 28800
1769529449647 1624.882080078125 28850
1769529464609 1478.98095703125 28900
1769529479569 1554.5169677734375 28950
1769529494535 1634.2032470703125 29000
1769529509500 1617.0107421875 29050
1769529524462 1625.792236328125 29100
1769529539422 1572.4755859375 29150
1769529554388 1449.20361328125 29200
1769529569350 1466.31689453125 29250
1769529584317 1520.1318359375 29300
1769529599284 1614.022705078125 29350
1769529614246 1539.2213134765625 29400
1769529629210 1501.8095703125 29450
1769529644173 1612.7410888671875 29500
1769529659141 1576.6434326171875 29550
1769529674105 1583.517333984375 29600
1769529689063 1722.707763671875 29650
1769529704020 1619.938232421875 29700
1769529718981 1658.546875 29750
1769529734000 1593.53466796875 29800
1769529748963 1723.0123291015625 29850
1769529763922 1523.0830078125 29900
1769529778884 1498.546875 29950
1769529793847 1689.3895263671875 30000
1769529808809 1453.708251953125 30050
1769529823770 1565.636474609375 30100
1769529838730 1529.31103515625 30150
1769529853690 1725.83837890625 30200
1769529868648 1607.737548828125 30250
1769529883607 1629.4398193359375 30300
1769529898567 1530.251220703125 30350
1769529913525 1682.52880859375 30400
1769529928483 1574.525390625 30450
1769529943445 1755.8516845703125 30500
1769529958404 1503.181396484375 30550
1769529973370 1489.7823486328125 30600
1769529988329 1603.8311767578125 30650
1769530003291 1443.241943359375 30700
1769530018274 1470.099609375 30750
1769530033234 1534.79248046875 30800
1769530048197 1546.0726318359375 30850
1769530063157 1548.31005859375 30900
1769530078117 1604.8345947265625 30950
1769530093077 1443.6474609375 31000
1769530108033 1760.397216796875 31050
1769530122994 1623.98388671875 31100
1769530137965 1553.711181640625 31150
1769530213356 1505.8603515625 31200
1769530228293 1521.637939453125 31250
1769530243225 1467.8525390625 31300
1769530258158 1695.846435546875 31350
1769530273088 1457.18115234375 31400
1769530288019 1478.69921875 31450
1769530302948 1541.841796875 31500
1769530317880 1475.12109375 31550
1769530332812 1618.826171875 31600
1769530347744 1643.04248046875 31650
1769530362676 1607.04296875 31700
1769530377607 1643.570068359375 31750
1769530392537 1551.6109619140625 31800
1769530407471 1601.0078125 31850
1769530422405 1759.83349609375 31900
1769530437345 1592.892333984375 31950
1769530452283 1506.623291015625 32000
1769530467231 1532.096923828125 32050
1769530482166 1671.557373046875 32100
1769530497107 1711.38427734375 32150
1769530512043 1531.45458984375 32200
1769530526974 1565.2633056640625 32250
1769530541908 1439.791259765625 32300
1769530556860 1523.4296875 32350
1769530571798 1572.75830078125 32400
1769530586735 1648.594970703125 32450
1769530601670 1562.84814453125 32500
1769530616602 1583.45751953125 32550
1769530631529 1579.35546875 32600
1769530646463 1709.21337890625 32650
1769530661396 1561.184326171875 32700
1769530676329 1496.953125 32750
1769530691259 1701.021240234375 32800
1769530706189 1581.257568359375 32850
1769530721118 1608.33447265625 32900
1769530736050 1579.570068359375 32950
1769530750981 1705.203125 33000
1769530765911 1537.19287109375 33050
1769530780853 1598.83935546875 33100
1769530795793 1630.48876953125 33150
1769530810729 1669.48828125 33200
1769530825660 1526.2420654296875 33250
1769530840588 1610.145751953125 33300
1769530855516 1655.8734130859375 33350
1769530870445 1636.701171875 33400
1769530885376 1579.265380859375 33450
1769530900303 1606.974853515625 33500
1769530915231 1491.471435546875 33550
1769530930166 1608.9013671875 33600
1769530945095 1673.26171875 33650
1769530960033 1508.6724853515625 33700
1769530974963 1592.2291259765625 33750
1769530989892 1631.9613037109375 33800
1769531004822 1821.9136962890625 33850
1769531019755 1665.658203125 33900
1769531034690 1689.74462890625 33950
1769531049634 1575.1688232421875 34000
1769531124917 1606.2447509765625 34050
1769531139894 1595.85693359375 34100
1769531154870 1632.23779296875 34150
1769531169848 1627.916015625 34200
1769531184815 1764.266357421875 34250
1769531199784 1477.499755859375 34300
1769531214754 1496.061279296875 34350
1769531229722 1661.425048828125 34400
1769531244688 1500.759521484375 34450
1769531259656 1780.630126953125 34500
1769531274627 1553.6787109375 34550
1769531289589 1658.830322265625 34600
1769531304550 1532.9912109375 34650
1769531319508 1783.5103759765625 34700
1769531334463 1518.6617431640625 34750
1769531349432 1605.771484375 34800
1769531364391 1655.004638671875 34850
1769531379348 1631.371826171875 34900
1769531394305 1596.5126953125 34950
1769531409267 1768.074951171875 35000
1769531424237 1512.7139892578125 35050
1769531439194 1492.878662109375 35100
1769531454151 1477.1602783203125 35150
1769531469110 1644.7535400390625 35200
1769531484070 1624.515625 35250
1769531499029 1508.3134765625 35300
1769531513990 1552.3675537109375 35350
1769531528951 1624.506103515625 35400
1769531543916 1579.2958984375 35450
1769531558874 1574.24462890625 35500
1769531573834 1528.869873046875 35550
1769531588797 1571.80810546875 35600
1769531603763 1526.0780029296875 35650
1769531618726 1584.235107421875 35700
1769531633691 1560.9271240234375 35750
1769531648656 1752.9859619140625 35800
1769531663621 1665.093017578125 35850
1769531678579 1600.043212890625 35900
1769531693542 1475.962646484375 35950
1769531708506 1554.82421875 36000
1769531723472 1606.0186767578125 36050
1769531738432 1581.580810546875 36100
1769531753389 1581.876953125 36150
1769531768348 1546.963623046875 36200
1769531783306 1645.2069091796875 36250
1769531798265 1819.4696044921875 36300
1769531813225 1559.5009765625 36350
1769531828183 1600.918701171875 36400
1769531843145 1665.43115234375 36450
1769531858104 1637.69873046875 36500
1769531873064 1490.877197265625 36550
1769531888025 1685.038818359375 36600
1769531902984 1628.92529296875 36650
1769531917943 1562.7261962890625 36700
1769531932902 1623.248779296875 36750
1769531947865 1585.777099609375 36800
1769531962835 1759.122802734375 36850
1769532037049 1688.425048828125 36900
1769532051981 1547.277099609375 36950
1769532066912 1584.022216796875 37000
1769532081843 1586.7073974609375 37050
1769532096771 1752.6064453125 37100
1769532111704 1589.353515625 37150
1769532126636 1564.012939453125 37200
1769532141568 1580.42138671875 37250
1769532156502 1627.592041015625 37300
1769532171434 1620.8131103515625 37350
1769532186368 1615.36962890625 37400
1769532201300 1703.21875 37450
1769532216230 1577.4273681640625 37500
1769532231164 1560.6090087890625 37550
1769532246093 1593.0732421875 37600
1769532261027 1487.984375 37650
1769532275958 1649.01806640625 37700
1769532290892 1683.5787353515625 37750
1769532305830 1570.1314697265625 37800
1769532320766 1670.353515625 37850
1769532335703 1663.23193359375 37900
1769532350638 1646.240478515625 37950
1769532365566 1609.2978515625 38000
1769532380495 1445.3724365234375 38050
1769532395425 1633.12744140625 38100
1769532410354 1693.513671875 38150
1769532425282 1636.022705078125 38200
1769532440210 1620.5875244140625 38250
1769532455138 1588.608642578125 38300
1769532470069 1625.4967041015625 38350
1769532485001 1549.50244140625 38400
1769532499931 1639.69140625 38450
1769532514862 1599.16943359375 38500
1769532529795 1721.212890625 38550
1769532544753 1670.147705078125 38600
1769532559688 1611.906982421875 38650
1769532574623 1603.51904296875 38700
1769532589559 1533.2548828125 38750
1769532604491 1532.6756591796875 38800
1769532619424 1659.3155517578125 38850
1769532634358 1625.0648193359375 38900
1769532649289 1406.890380859375 38950
1769532664219 1536.748779296875 39000
1769532679151 1597.962646484375 39050
1769532694083 1536.140380859375 39100
1769532709022 1609.917724609375 39150
1769532723958 1668.1492919921875 39200
1769532738889 1679.6943359375 39250
1769532753818 1612.2186279296875 39300
1769532768748 1627.4727783203125 39350
1769532783681 1522.61376953125 39400
1769532798612 1654.7271728515625 39450
1769532813543 1546.480224609375 39500
1769532828476 1549.6263427734375 39550
1769532843415 1676.8731689453125 39600
1769532858364 1483.035888671875 39650
1769532873294 1655.2552490234375 39700
1769532947792 1575.02978515625 39750
1769532962756 1563.561767578125 39800
1769532977734 1599.838623046875 39850
1769532992702 1629.1732177734375 39900
1769533007667 1492.84423828125 39950
1769533022639 1695.02099609375 40000
1769533037604 1637.555908203125 40050
1769533052566 1678.115234375 40100
1769533067534 1537.603271484375 40150
1769533082500 1543.44580078125 40200
1769533097472 1557.869384765625 40250
1769533112461 1783.79296875 40300
1769533127428 1529.38427734375 40350
1769533142392 1607.580322265625 40400
1769533157363 1605.155029296875 40450
1769533172327 1558.902099609375 40500
1769533187287 1677.207275390625 40550
1769533202252 1564.8896484375 40600
1769533217217 1396.194091796875 40650
1769533232194 1723.070556640625 40700
1769533247157 1655.097412109375 40750
1769533262127 1563.5672607421875 40800
1769533277095 1616.2392578125 40850
1769533292057 1521.4541015625 40900
1769533307021 1694.15771484375 40950
1769533321982 1549.7027587890625 41000
1769533336945 1626.597900390625 41050
1769533351913 1579.489013671875 41100
1769533366879 1701.6025390625 41150
1769533381841 1698.3343505859375 41200
1769533396803 1548.28369140625 41250
1769533411767 1745.767333984375 41300
1769533426731 1651.833984375 41350
1769533441691 1632.930908203125 41400
1769533456658 1691.40478515625 41450
1769533471622 1747.683837890625 41500
1769533486586 1507.6512451171875 41550
1769533501553 1633.9146728515625 41600
1769533516516 1788.7860107421875 41650
1769533531479 1651.4259033203125 41700
1769533546441 1550.0472412109375 41750
1769533561406 1466.07861328125 41800
1769533576370 1726.746337890625 41850
1769533591335 1529.965087890625 41900
1769533606305 1682.224853515625 41950
1769533621270 1540.1495361328125 42000
1769533636234 1598.0052490234375 42050
1769533651202 1546.994384765625 42100
1769533666171 1703.3367919921875 42150
1769533681143 1602.20458984375 42200
1769533696108 1536.387451171875 42250
1769533711071 1472.03125 42300
1769533726036 1539.0750732421875 42350
1769533741005 1641.275634765625 42400
1769533755977 1716.744384765625 42450
1769533770951 1669.1668701171875 42500
1769533857350 1523.09228515625 42550
1769533872291 1610.928466796875 42600
1769533887234 1735.58544921875 42650
1769533902175 1662.745361328125 42700
1769533917116 1669.211669921875 42750
1769533932055 1734.5205078125 42800
1769533946994 1747.0174560546875 42850
1769533961933 1586.38037109375 42900
1769533976871 1522.3751220703125 42950
1769533991809 1525.3978271484375 43000
1769534006752 1602.3790283203125 43050
1769534021686 1647.828857421875 43100
1769534036627 1592.4144287109375 43150
1769534051569 1702.547607421875 43200
1769534066505 1613.1484375 43250
1769534081439 1478.838623046875 43300
1769534096376 1642.7313232421875 43350
1769534111314 1573.34765625 43400
1769534126255 1450.0804443359375 43450
1769534141194 1615.50830078125 43500
1769534156132 1503.839599609375 43550
1769534171065 1660.66650390625 43600
1769534186000 1543.311279296875 43650
1769534200933 1564.0054931640625 43700
1769534215906 1644.57470703125 43750
1769534230847 1556.0662841796875 43800
1769534245785 1583.789306640625 43850
1769534260719 1617.87646484375 43900
1769534275656 1543.02001953125 43950
1769534290590 1610.0955810546875 44000
1769534305646 1763.5302734375 44050
1769534320584 1517.088623046875 44100
1769534335524 1472.319091796875 44150
1769534350465 1417.6995849609375 44200
1769534365415 1699.611328125 44250
1769534380363 1404.611083984375 44300
1769534395298 1731.1239013671875 44350
1769534410240 1613.3369140625 44400
1769534425179 1563.1002197265625 44450
1769534440115 1560.950927734375 44500
1769534455051 1557.2760009765625 44550
1769534470008 1578.05126953125 44600
1769534484945 1673.485595703125 44650
1769534499889 1693.5762939453125 44700
1769534514824 1505.869873046875 44750
1769534529760 1635.222412109375 44800
1769534544695 1614.556884765625 44850
1769534559661 1659.0322265625 44900
1769534574594 1651.054931640625 44950
1769534589529 1483.275390625 45000
1769534604466 1624.34033203125 45050
1769534619399 1586.7703857421875 45100
1769534634335 1484.804931640625 45150
1769534649269 1663.4683837890625 45200
1769534664238 1733.171630859375 45250
1769534679251 1428.375 45300
1769534694210 1677.8031005859375 45350
1769534789711 1633.618896484375 45400
1769534804685 1514.1802978515625 45450
1769534819649 1554.7137451171875 45500
1769534834613 1707.9930419921875 45550
1769534849578 1486.8917236328125 45600
1769534864558 1556.649658203125 45650
1769534879523 1682.5087890625 45700
1769534894492 1627.640625 45750
1769534909468 1606.882568359375 45800
1769534924441 1523.68896484375 45850
1769534939413 1606.7110595703125 45900
1769534954381 1712.644775390625 45950
1769534969348 1381.185791015625 46000
1769534984318 1566.80078125 46050
1769534999288 1655.953369140625 46100
1769535014263 1522.142822265625 46150
1769535029232 1581.187744140625 46200
1769535044202 1578.6568603515625 46250
1769535059171 1508.424072265625 46300
1769535074139 1554.0916748046875 46350
1769535089109 1438.9403076171875 46400
1769535104075 1691.686767578125 46450
1769535119040 1688.57763671875 46500
1769535134005 1569.0755615234375 46550
1769535148968 1675.991455078125 46600
1769535163935 1724.3614501953125 46650
1769535178899 1665.29296875 46700
1769535193864 1521.0673828125 46750
1769535208829 1440.75439453125 46800
1769535223794 1621.26611328125 46850
1769535238761 1647.7977294921875 46900
1769535253729 1556.63134765625 46950
1769535268693 1500.365966796875 47000
1769535283660 1577.025634765625 47050
1769535298623 1708.930908203125 47100
1769535313589 1610.8037109375 47150
1769535328554 1606.213134765625 47200
1769535343519 1647.2479248046875 47250
1769535358514 1588.350830078125 47300
1769535373480 1577.531494140625 47350
1769535388519 1691.828125 47400
1769535403484 1610.3736572265625 47450
1769535418508 1649.8564453125 47500
1769535433473 1429.2767333984375 47550
1769535448513 1477.874755859375 47600
1769535463486 1417.9356689453125 47650
1769535478519 1596.5172119140625 47700
1769535493501 1553.211181640625 47750
1769535508526 1442.099853515625 47800
1769535523501 1654.2425537109375 47850
1769535538527 1478.471923828125 47900
1769535553501 1550.0040283203125 47950
1769535568566 1592.5908203125 48000
1769535583543 1715.675048828125 48050
1769535598526 1559.9981689453125 48100
1769535613516 1484.47119140625 48150
1769535628526 1612.0589599609375 48200
1769535708292 1479.639892578125 48250
1769535723240 1739.666259765625 48300
1769535738177 1629.042724609375 48350
1769535753116 1545.4517822265625 48400
1769535768057 1652.9259033203125 48450
1769535782994 1615.83349609375 48500
1769535797931 1417.50341796875 48550
1769535812869 1580.13818359375 48600
1769535827809 1535.823486328125 48650
1769535842753 1569.670654296875 48700
1769535857690 1613.019287109375 48750
1769535872633 1665.791259765625 48800
1769535887576 1639.8514404296875 48850
1769535902510 1523.52685546875 48900
1769535917446 1564.5736083984375 48950
1769535932380 1623.4521484375 49000
1769535947314 1438.51318359375 49050
1769535962252 1446.6776123046875 49100
1769535977187 1607.32568359375 49150
1769535992122 1527.3687744140625 49200
1769536007057 1635.36181640625 49250
1769536021992 1673.7646484375 49300
1769536036927 1482.3828125 49350
1769536051861 1595.0634765625 49400
1769536066834 1626.302978515625 49450
1769536081771 1528.8916015625 49500
1769536096705 1566.5238037109375 49550
1769536111638 1544.292236328125 49600
1769536126574 1422.5477294921875 49650
1769536141512 1480.92724609375 49700
1769536156451 1634.9903564453125 49750
1769536171392 1680.82470703125 49800
1769536186328 1513.06884765625 49850
1769536201264 1535.4085693359375 49900
1769536216202 1659.969970703125 49950
1769536231138 1455.65966796875 50000
1769536246071 1682.44189453125 50050
1769536261006 1649.321533203125 50100
1769536275938 1548.049560546875 50150
1769536290874 1733.386962890625 50200
1769536305810 1567.106689453125 50250
1769536320745 1602.098876953125 50300
1769536335679 1677.865234375 50350
1769536350614 1642.973876953125 50400
1769536365551 1491.4447021484375 50450
1769536380486 1707.11767578125 50500
1769536395422 1689.306640625 50550
1769536410353 1556.006103515625 50600
1769536425286 1712.8427734375 50650
1769536440228 1472.678955078125 50700
1769536455167 1575.1658935546875 50750
1769536470103 1596.6197509765625 50800
1769536485058 1615.59716796875 50850
1769536500002 1500.11865234375 50900
1769536514940 1565.008056640625 50950
1769536529886 1704.6602783203125 51000
1769536604476 1598.777587890625 51050
1769536619476 1661.537841796875 51100
1769536634466 1433.556884765625 51150
1769536649447 1839.7469482421875 51200
1769536664417 1456.9375 51250
1769536679392 1732.9935302734375 51300
1769536694364 1474.9100341796875 51350
1769536709335 1682.455078125 51400
1769536724313 1594.572021484375 51450
1769536739286 1629.216796875 51500
1769536754261 1540.4351806640625 51550
1769536769233 1568.476806640625 51600
1769536784213 1745.150634765625 51650
1769536799187 1597.8621826171875 51700
1769536814159 1614.099609375 51750
1769536829134 1656.6409912109375 51800
1769536844102 1636.8404541015625 51850
1769536859070 1654.6138916015625 51900
1769536874038 1566.080810546875 51950
1769536889003 1513.2568359375 52000
1769536903972 1455.1175537109375 52050
1769536918937 1500.2626953125 52100
1769536933905 1559.8309326171875 52150
1769536948875 1731.5572509765625 52200
1769536963843 1537.9583740234375 52250
1769536978813 1713.02685546875 52300
1769536993789 1474.432861328125 52350
1769537008766 1551.04541015625 52400
1769537023742 1727.6435546875 52450
1769537038713 1513.492431640625 52500
1769537053684 1613.369140625 52550
1769537068658 1648.650146484375 52600
1769537083634 1597.76708984375 52650
1769537098610 1503.789794921875 52700
1769537113588 1555.98388671875 52750
1769537128563 1680.2322998046875 52800
1769537143535 1557.58837890625 52850
1769537158561 1694.0279541015625 52900
1769537173532 1816.262451171875 52950
1769537188557 1611.3521728515625 53000
1769537203527 1499.96435546875 53050
1769537218560 1573.83349609375 53100
1769537233527 1686.0244140625 53150
1769537248566 1538.54443359375 53200
1769537263545 1679.3817138671875 53250
1769537278563 1578.747314453125 53300
1769537293539 1540.9639892578125 53350
1769537308562 1470.572265625 53400
1769537323533 1537.498291015625 53450
1769537338563 1602.871337890625 53500
1769537353532 1620.6727294921875 53550
1769537368559 1594.5047607421875 53600
1769537383526 1644.362548828125 53650
1769537398556 1490.435302734375 53700
1769537413526 1547.51953125 53750
1769537428562 1619.301025390625 53800
1769537443541 1730.81787109375 53850
1769537518142 1573.041259765625 53900
1769537533080 1555.616943359375 53950
1769537548021 1556.810302734375 54000
1769537562960 1436.788818359375 54050
1769537577895 1606.77001953125 54100
1769537592834 1720.722412109375 54150
1769537607769 1495.940185546875 54200
1769537622704 1420.033935546875 54250
1769537637640 1763.4080810546875 54300
1769537652576 1607.636474609375 54350
1769537667527 1546.732421875 54400
1769537682461 1700.148193359375 54450
1769537697396 1645.8707275390625 54500
1769537712332 1753.115478515625 54550
1769537727268 1633.53515625 54600
1769537742208 1615.228515625 54650
1769537757143 1507.455078125 54700
1769537772078 1809.6617431640625 54750
1769537787012 1637.3240966796875 54800
1769537801945 1546.1279296875 54850
1769537816880 1672.978515625 54900
1769537831815 1617.59521484375 54950
1769537846748 1661.963134765625 55000
1769537861680 1509.0537109375 55050
1769537876612 1717.0491943359375 55100
1769537891548 1581.9652099609375 55150
1769537906482 1474.8369140625 55200
1769537921418 1627.6279296875 55250
1769537936352 1565.724853515625 55300
1769537951285 1456.91943359375 55350
1769537966219 1577.059814453125 55400
1769537981151 1609.1671142578125 55450
1769537996082 1644.46337890625 55500
1769538011015 1460.8431396484375 55550
1769538025947 1597.61474609375 55600
1769538040884 1584.3017578125 55650
1769538055822 1642.2777099609375 55700
1769538070761 1592.5885009765625 55750
1769538085699 1704.1239013671875 55800
1769538100643 1619.20703125 55850
1769538115583 1681.9508056640625 55900
1769538130520 1675.807373046875 55950
1769538145456 1647.66796875 56000
1769538160391 1426.001953125 56050
1769538175332 1593.735107421875 56100
1769538190271 1643.38427734375 56150
1769538205206 1800.278076171875 56200
1769538220142 1543.734130859375 56250
1769538235080 1665.583251953125 56300
1769538250026 1752.556884765625 56350
1769538264969 1630.227294921875 56400
1769538279907 1475.519287109375 56450
1769538294846 1584.605712890625 56500
1769538309782 1581.9410400390625 56550
1769538324717 1651.1015625 56600
1769538339654 1618.1998291015625 56650
1769538354600 1579.501220703125 56700
1769520154504 1023.1483154296875 0
