1769520154504 0.7480164766311646 0
1769520169592 0.6913384199142456 50
1769520184639 0.680647611618042 100
1769520199686 0.6930685043334961 150
1769520214727 0.7137066125869751 200
1769520229755 0.7170068025588989 250
1769520244781 0.6789926290512085 300
1769520259806 0.7009443044662476 350
1769520274858 0.680655837059021 400
1769520289845 0.6790571212768555 450
1769520304811 0.7734912633895874 500
1769520319767 0.678583025932312 550
1769520334724 0.6905046701431274 600
1769520349682 0.6837999224662781 650
1769520364639 0.6834375858306885 700
1769520379600 0.7009478807449341 750
1769520394594 0.6924535036087036 800
1769520409587 0.7148672342300415 850
1769520424580 0.7015223503112793 900
1769520439574 0.773894190788269 950
1769520454566 0.6839187145233154 1000
1769520469560 0.7007349729537964 1050
1769520484536 0.7311933040618896 1100
1769520499501 0.6776483654975891 1150
1769520514466 0.714287281036377 1200
1769520529419 0.6788425445556641 1250
1769520544378 0.6787968873977661 1300
1769520559331 0.6788973808288574 1350
1769520574285 0.6843682527542114 1400
1769520589238 0.7013522386550903 1450
1769520604193 0.7006849646568298 1500
1769520619146 0.6771506071090698 1550
1769520634103 0.7738361358642578 1600
1769520649059 0.6905545592308044 1650
1769520664023 0.6909656524658203 1700
1769520678982 0.6794683337211609 1750
1769520693939 0.7297765016555786 1800
1769520708898 0.7018097639083862 1850
1769520723855 0.7013425230979919 1900
1769520738810 0.6908276081085205 1950
1769520753764 0.6829397678375244 2000
1769520768721 0.7008716464042664 2050
1769520783677 0.7144559621810913 2100
1769520798650 0.690582275390625 2150
1769520813637 0.731001615524292 2200
1769520828612 0.6789700388908386 2250
1769520843572 0.7011587023735046 2300
1769520858533 0.6907036304473877 2350
1769520873496 0.7303903102874756 2400
1769520888450 0.7010126113891602 2450
1769520903460 0.678986132144928 2500
1769520918455 0.6839674711227417 2550
1769520933455 0.7152284979820251 2600
1769520948454 0.6788726449012756 2650
1769520963457 0.730971097946167 2700
1769520978455 0.6773837804794312 2750
1769520993460 0.7308340072631836 2800
1769521070052 0.6788535118103027 2850
1769521084974 0.6789078712463379 2900
1769521099895 0.7009453773498535 2950
1769521114815 0.7013303637504578 3000
1769521129738 0.6789790987968445 3050
1769521144659 0.7146198749542236 3100
1769521159577 0.6789334416389465 3150
1769521174500 0.7315593957901001 3200
1769521189420 0.6906550526618958 3250
1769521204341 0.6774689555168152 3300
1769521219262 0.7997695207595825 3350
1769521234185 0.7309958338737488 3400
1769521249105 0.6790218353271484 3450
1769521264056 0.7144078016281128 3500
1769521279042 0.7505505084991455 3550
1769521293995 0.7508485317230225 3600
1769521308948 0.6914420127868652 3650
1769521323897 0.6836127042770386 3700
1769521338849 0.7140683531761169 3750
1769521353802 0.7733092904090881 3800
1769521368755 0.6788581609725952 3850
1769521383705 0.683783233165741 3900
1769521398638 0.7736142873764038 3950
1769521413557 0.7503820657730103 4000
1769521428480 0.7147436738014221 4050
1769521443422 0.677295446395874 4100
1769521458342 0.7504919767379761 4150
1769521473261 0.6835382580757141 4200
1769521488182 0.7993700504302979 4250
1769521503100 0.7142769694328308 4300
1769521518019 0.6907055974006653 4350
1769521532938 0.679136335849762 4400
1769521547868 0.683350145816803 4450
1769521562788 0.6773632764816284 4500
1769521577881 0.6789250373840332 4550
1769521592805 0.6773972511291504 4600
1769521607725 0.6833184957504272 4650
1769521622651 0.80006343126297 4700
1769521637575 0.6832631230354309 4750
1769521652498 0.7010931968688965 4800
1769521667471 0.7737410664558411 4850
1769521682436 0.7009779214859009 4900
1769521697391 0.6788811683654785 4950
1769521712348 0.6775128245353699 5000
1769521727304 0.6831804513931274 5050
1769521742264 0.7012869715690613 5100
1769521757222 0.6833966970443726 5150
1769521772181 0.701065182685852 5200
1769521787131 0.7009376287460327 5250
1769521802053 0.7993142604827881 5300
1769521816975 0.7503999471664429 5350
1769521831899 0.6789851188659668 5400
1769521846818 0.7998703718185425 5450
1769521861738 0.7009282112121582 5500
1769521876716 0.750588059425354 5550
1769521891637 0.6904994249343872 5600
1769521906610 0.6788200736045837 5650
1769521981035 0.7144970297813416 5700
1769521996024 0.6788491010665894 5750
1769522010983 0.8000954389572144 5800
1769522025946 0.7308730483055115 5850
1769522040908 0.7144905924797058 5900
1769522055871 0.6774017810821533 5950
1769522070858 0.75053870677948 6000
1769522085904 0.6833844184875488 6050
1769522100911 0.6906057596206665 6100
1769522115917 0.6906862854957581 6150
1769522130920 0.714357316493988 6200
1769522145923 0.6832686066627502 6250
1769522160924 0.6907140612602234 6300
1769522175928 0.714374303817749 6350
1769522190929 0.6774085760116577 6400
1769522205905 0.6788642406463623 6450
1769522220855 0.6832313537597656 6500
1769522235801 0.678897500038147 6550
1769522250755 0.7011329531669617 6600
1769522265709 0.6788538098335266 6650
1769522280666 0.6788761615753174 6700
1769522295619 0.6787624955177307 6750
1769522310570 0.7308292388916016 6800
1769522325524 0.7009245157241821 6850
1769522340475 0.6790122985839844 6900
1769522355427 0.7308980822563171 6950
1769522370386 0.7144022583961487 7000
1769522385336 0.6832989454269409 7050
1769522400285 0.6907256245613098 7100
1769522415237 0.714423656463623 7150
1769522430188 0.7010399103164673 7200
1769522445141 0.7310449481010437 7250
1769522460091 0.6834201216697693 7300
1769522475042 0.6834123134613037 7350
1769522490043 0.6791092157363892 7400
1769522505069 0.6775100231170654 7450
1769522520069 0.731080174446106 7500
1769522535063 0.714312732219696 7550
1769522550055 0.7141934633255005 7600
1769522565046 0.6789560914039612 7650
1769522580037 0.6774653196334839 7700
1769522595034 0.6774414777755737 7750
1769522610024 0.6773728132247925 7800
1769522624990 0.6906092166900635 7850
1769522639947 0.6832502484321594 7900
1769522654904 0.6834326982498169 7950
1769522669861 0.6906710863113403 8000
1769522684814 0.7307364344596863 8050
1769522699771 0.6790012717247009 8100
1769522714743 0.7999856472015381 8150
1769522729699 0.7009722590446472 8200
1769522744656 0.8292555809020996 8250
1769522759666 0.7505039572715759 8300
1769522774636 0.678825318813324 8350
1769522789591 0.6834105849266052 8400
1769522804558 0.6774852275848389 8450
1769522819512 0.7503463625907898 8500
1769522893904 0.7143944501876831 8550
1769522908897 0.6905016899108887 8600
1769522923858 0.6840239763259888 8650
1769522938818 0.679046630859375 8700
1769522953781 0.6787351965904236 8750
1769522968750 0.7309855222702026 8800
1769522983712 0.714102029800415 8850
1769522998678 0.7011414170265198 8900
1769523013638 0.7147358655929565 8950
1769523028591 0.7145875096321106 9000
1769523043516 0.7309409379959106 9050
1769523058439 0.7999533414840698 9100
1769523073364 0.6772791147232056 9150
1769523088293 0.6836899518966675 9200
1769523103219 0.6999630331993103 9250
1769523118140 0.6836894154548645 9300
1769523133061 0.6831363439559937 9350
1769523147982 0.6903040409088135 9400
1769523162903 0.6842315196990967 9450
1769523177826 0.690311849117279 9500
1769523192749 0.8631448745727539 9550
1769523207675 0.6833007335662842 9600
1769523222599 0.6831502914428711 9650
1769523237520 0.6787933707237244 9700
1769523252445 0.7506711483001709 9750
1769523267366 0.7998865842819214 9800
1769523282287 0.6787962913513184 9850
1769523297209 0.6906609535217285 9900
1769523312186 0.7007420063018799 9950
1769523327876 0.7304625511169434 10000
1769523342836 0.6832188367843628 10050
1769523357843 0.6773955225944519 10100
1769523372797 0.68348228931427 10150
1769523387755 0.6788812875747681 10200
1769523402709 0.6906189322471619 10250
1769523417662 0.7146721482276917 10300
1769523432615 0.7312047481536865 10350
1769523447539 0.7143290638923645 10400
1769523462465 0.7308260798454285 10450
1769523477391 0.683300256729126 10500
1769523492319 0.6788683533668518 10550
1769523507253 0.6906338930130005 10600
1769523522192 0.6787489652633667 10650
1769523537132 0.6905845403671265 10700
1769523552071 0.8297693729400635 10750
1769523567022 0.714792013168335 10800
1769523581962 0.6774324178695679 10850
1769523596908 0.6789190769195557 10900
1769523611849 0.7732018232345581 10950
1769523626791 0.6775906085968018 11000
1769523641733 0.7505737543106079 11050
1769523656698 0.6906263828277588 11100
1769523671680 0.7145235538482666 11150
1769523686644 0.6832782030105591 11200
1769523701611 0.6832435131072998 11250
1769523716576 0.7310854196548462 11300
1769523792418 0.6832996606826782 11350
1769523807389 0.678820013999939 11400
1769523822360 0.6831392049789429 11450
1769523837342 0.7011289000511169 11500
1769523852315 0.6773238778114319 11550
1769523867295 0.6789349317550659 11600
1769523882283 0.6907660961151123 11650
1769523897336 0.7999069690704346 11700
1769523912367 0.6773751974105835 11750
1769523927370 0.6834115386009216 11800
1769523942370 0.6832693219184875 11850
1769523957372 0.6905193328857422 11900
1769523972371 0.6905150413513184 11950
1769523987377 0.6788233518600464 12000
1769524002378 0.6905555725097656 12050
1769524017381 0.75054532289505 12100
1769524032347 0.7308835983276367 12150
1769524047306 0.6906761527061462 12200
1769524062272 0.8633103370666504 12250
1769524077230 0.7010557055473328 12300
1769524092190 0.7143170833587646 12350
1769524107150 0.6788703203201294 12400
1769524122113 0.690657377243042 12450
1769524137075 0.6789007186889648 12500
1769524152036 0.7506974935531616 12550
1769524167002 0.6905823945999146 12600
1769524181984 0.701075553894043 12650
1769524196991 0.7010195851325989 12700
1769524211949 0.6832570433616638 12750
1769524226910 0.7144172191619873 12800
1769524241870 0.7309412360191345 12850
1769524256830 0.7143909335136414 12900
1769524271791 0.7009429931640625 12950
1769524286758 0.7506140470504761 13000
1769524301721 0.6833082437515259 13050
1769524316681 0.7310299277305603 13100
1769524331643 0.690510630607605 13150
1769524346606 0.6789222359657288 13200
1769524361565 0.7309571504592896 13250
1769524376521 0.7310349941253662 13300
1769524391481 0.7143323421478271 13350
1769524406441 0.6774673461914062 13400
1769524421403 0.678883969783783 13450
1769524436366 0.7009455561637878 13500
1769524451331 0.6906217336654663 13550
1769524466296 0.6833126544952393 13600
1769524481258 0.6832939982414246 13650
1769524496223 0.6906622648239136 13700
1769524511183 0.678833544254303 13750
1769524526145 0.6788628697395325 13800
1769524541103 0.714210033416748 13850
1769524556062 0.7504749298095703 13900
1769524571024 0.7009000182151794 13950
1769524585989 0.6788065433502197 14000
1769524600948 0.6907125115394592 14050
1769524615905 0.6905220746994019 14100
1769524630878 0.7010308504104614 14150
1769524705565 0.6788783073425293 14200
1769524720501 0.6833151578903198 14250
1769524735433 0.678816556930542 14300
1769524750363 0.7011702656745911 14350
1769524765292 0.68324214220047 14400
1769524780222 0.6906867027282715 14450
1769524795151 0.6832109689712524 14500
1769524810077 0.701043963432312 14550
1769524825005 0.730940043926239 14600
1769524839931 0.678869366645813 14650
1769524854856 0.7142592072486877 14700
1769524869781 0.7310874462127686 14750
1769524884706 0.6907541155815125 14800
1769524899632 0.6904743313789368 14850
1769524914562 0.6774166822433472 14900
1769524929493 0.7011619806289673 14950
1769524944430 0.6773666143417358 15000
1769524959358 0.6906826496124268 15050
1769524974288 0.7010277509689331 15100
1769524989222 0.7507883310317993 15150
1769525004157 0.6788846254348755 15200
1769525019089 0.7309396862983704 15250
1769525034020 0.6788588762283325 15300
1769525048955 0.6832482814788818 15350
1769525063886 0.6773862838745117 15400
1769525078816 0.8630721569061279 15450
1769525093743 0.6906147003173828 15500
1769525108671 0.6788970232009888 15550
1769525123600 0.678813099861145 15600
1769525138533 0.6906272172927856 15650
1769525153466 0.7143675684928894 15700
1769525168393 0.6788250207901001 15750
1769525183319 0.7010165452957153 15800
1769525198248 0.6905598044395447 15850
1769525213176 0.714343786239624 15900
1769525228106 0.714262843132019 15950
1769525243032 0.7009274959564209 16000
1769525257964 0.7997655868530273 16050
1769525272893 0.7506880760192871 16100
1769525287824 0.6774115562438965 16150
1769525302758 0.6906348466873169 16200
1769525317687 0.7010213136672974 16250
1769525332618 0.6905726194381714 16300
1769525347546 0.6833245158195496 16350
1769525362474 0.73087477684021 16400
1769525377404 0.7009163498878479 16450
1769525392333 0.6832865476608276 16500
1769525407258 0.6905841827392578 16550
1769525422199 0.6832671165466309 16600
1769525437132 0.7009824514389038 16650
1769525452062 0.6833981275558472 16700
1769525466993 0.6905770301818848 16750
1769525481925 0.7008328437805176 16800
1769525496856 0.6774015426635742 16850
1769525511786 0.7508425116539001 16900
1769525526724 0.6788479089736938 16950
1769525541655 0.7143310308456421 17000
1769525677547 0.6831924915313721 17050
1769525692521 0.730979323387146 17100
1769525707487 0.6773821711540222 17150
1769525722448 0.6774107217788696 17200
1769525737405 0.6788417100906372 17250
1769525752367 0.6773988008499146 17300
1769525767325 0.7732924818992615 17350
1769525782285 0.6788225173950195 17400
1769525797239 0.700820803642273 17450
1769525812196 0.6906634569168091 17500
1769525827154 0.7143211364746094 17550
1769525842111 0.799863874912262 17600
1769525857072 0.6832696199417114 17650
1769525872039 0.6832490563392639 17700
1769525886995 0.7733473181724548 17750
1769525901952 0.6832082867622375 17800
1769525916909 0.6774121522903442 17850
1769525931867 0.6833546161651611 17900
1769525946823 0.7014881372451782 17950
1769525961788 0.7009611129760742 18000
1769525976750 0.6834394335746765 18050
1769525991706 0.6830660104751587 18100
1769526006661 0.700814425945282 18150
1769526021619 0.7144253253936768 18200
1769526036575 0.6908652782440186 18250
1769526051534 0.7503774166107178 18300
1769526066490 0.701238751411438 18350
1769526081449 0.7148679494857788 18400
1769526096407 0.7009180784225464 18450
1769526111365 0.6831305027008057 18500
1769526126323 0.6789120435714722 18550
1769526141277 0.714256763458252 18600
1769526156238 0.730798602104187 18650
1769526171199 0.6788135766983032 18700
1769526186156 0.7143709659576416 18750
1769526201110 0.7009216547012329 18800
1769526216064 0.6833613514900208 18850
1769526231019 0.6831973791122437 18900
1769526245975 0.6833118200302124 18950
1769526260933 0.6833063364028931 19000
1769526275889 0.7506590485572815 19050
1769526290842 0.701041579246521 19100
1769526305793 0.7144752740859985 19150
1769526320750 0.6832760572433472 19200
1769526335706 0.6773536801338196 19250
1769526350661 0.6774419546127319 19300
1769526365617 0.6788727045059204 19350
1769526380572 0.7144359350204468 19400
1769526395530 0.6789502501487732 19450
1769526410483 0.6775187253952026 19500
1769526425439 0.7009185552597046 19550
1769526440393 0.6906247138977051 19600
1769526455346 0.6832199692726135 19650
1769526470301 0.7307626008987427 19700
1769526485256 0.7506266832351685 19750
1769526500277 0.6832128763198853 19800
1769526515224 0.7008326053619385 19850
1769526589586 0.7144488096237183 19900
1769526604516 0.7733278274536133 19950
1769526619476 0.7308858036994934 20000
1769526634406 0.6789082884788513 20050
1769526649332 0.7010037899017334 20100
1769526664255 0.750486433506012 20150
1769526679182 0.7309269309043884 20200
1769526694108 0.7143683433532715 20250
1769526709034 0.6906620264053345 20300
1769526723959 0.6832196116447449 20350
1769526738886 0.6775036454200745 20400
1769526753810 0.700978696346283 20450
1769526768734 0.6788649559020996 20500
1769526783655 0.6774739027023315 20550
1769526798581 0.6906520128250122 20600
1769526813506 0.7009840607643127 20650
1769526828428 0.7009376883506775 20700
1769526843352 0.6906653642654419 20750
1769526858275 0.7011373043060303 20800
1769526873203 0.7010211944580078 20850
1769526888129 0.6773877143859863 20900
1769526903057 0.7143462896347046 20950
1769526917987 0.8297919631004333 21000
1769526932918 0.6774113178253174 21050
1769526947848 0.6788824200630188 21100
1769526962776 0.7010170221328735 21150
1769526977705 0.7309522032737732 21200
1769526992637 0.6788417100906372 21250
1769527007567 0.6832848191261292 21300
1769527022499 0.690750777721405 21350
1769527037430 0.7008959054946899 21400
1769527052364 0.677394449710846 21450
1769527067294 0.6907188892364502 21500
1769527082225 0.7008136510848999 21550
1769527097153 0.677390456199646 21600
1769527112083 0.8634157776832581 21650
1769527127009 0.6774052381515503 21700
1769527141940 0.7142457365989685 21750
1769527156872 0.6904991269111633 21800
1769527171807 0.6788859367370605 21850
1769527186735 0.6906706094741821 21900
1769527201662 0.6905868649482727 21950
1769527216591 0.6788510084152222 22000
1769527231518 0.7143445014953613 22050
1769527246451 0.6832852363586426 22100
1769527261381 0.773322582244873 22150
1769527276314 0.7307122349739075 22200
1769527291245 0.6832432150840759 22250
1769527306173 0.6905715465545654 22300
1769527321107 0.7144642472267151 22350
1769527336038 0.6905767917633057 22400
1769527350966 0.7508291602134705 22450
1769527365934 0.6788911819458008 22500
1769527380859 0.6788746118545532 22550
1769527395788 0.6773704290390015 22600
1769527410724 0.7144242525100708 22650
1769527485036 0.6789522171020508 22700
1769527499997 0.6774767637252808 22750
1769527514963 0.6788493990898132 22800
1769527529927 0.6832535266876221 22850
1769527544887 0.6789519190788269 22900
1769527559854 0.690537691116333 22950
1769527574818 0.7733896970748901 23000
1769527589774 0.6833508610725403 23050
1769527604734 0.6832175254821777 23100
1769527619694 0.6831941604614258 23150
1769527634653 0.690547525882721 23200
1769527649612 0.6773234009742737 23250
1769527664567 0.7144598364830017 23300
1769527679527 0.7008043527603149 23350
1769527694482 0.7145602107048035 23400
1769527709438 0.6831464171409607 23450
1769527724406 0.7011184692382812 23500
1769527739367 0.7308172583580017 23550
1769527754329 0.6905736327171326 23600
1769527769283 0.7735896110534668 23650
1769527784239 0.6789085865020752 23700
1769527799193 0.8633824586868286 23750
1769527814148 0.6833480596542358 23800
1769527829107 0.6774032115936279 23850
1769527844070 0.7009148597717285 23900
1769527859026 0.701004147529602 23950
1769527873984 0.7010232210159302 24000
1769527888943 0.6789016127586365 24050
1769527903898 0.6773634552955627 24100
1769527918856 0.6905679702758789 24150
1769527933814 0.6905854940414429 24200
1769527948775 0.7308814525604248 24250
1769527963735 0.7308056354522705 24300
1769527978701 0.683229386806488 24350
1769527993665 0.7144279479980469 24400
1769528008625 0.6773829460144043 24450
1769528023582 0.6788197159767151 24500
1769528038538 0.6773517727851868 24550
1769528053497 0.683229923248291 24600
1769528068458 0.6773796081542969 24650
1769528083416 0.7308251857757568 24700
1769528098372 0.7507264018058777 24750
1769528113330 0.701139509677887 24800
1769528128283 0.6832427978515625 24850
1769528143238 0.6905921697616577 24900
1769528158193 0.6774770021438599 24950
1769528173147 0.6906208395957947 25000
1769528188149 0.6774303913116455 25050
1769528203102 0.6788763999938965 25100
1769528218058 0.6906195282936096 25150
1769528233012 0.6787902116775513 25200
1769528247967 0.6834704875946045 25250
1769528262921 0.7008548974990845 25300
1769528277875 0.750481367111206 25350
1769528292828 0.6775020956993103 25400
1769528307785 0.6773374080657959 25450
1769528322750 0.678805947303772 25500
1769528397417 0.690790057182312 25550
1769528412356 0.6906178593635559 25600
1769528427295 0.7144445776939392 25650
1769528442226 0.6906029582023621 25700
1769528457158 0.6832301616668701 25750
1769528472091 0.6904793977737427 25800
1769528487024 0.6831702589988708 25850
1769528501967 0.700689435005188 25900
1769528516899 0.714485228061676 25950
1769528531830 0.750748872756958 26000
1769528546763 0.7145068645477295 26050
1769528561696 0.6905083656311035 26100
1769528576629 0.731286883354187 26150
1769528591557 0.8292992115020752 26200
1769528606489 0.6789151430130005 26250
1769528621419 0.6773285865783691 26300
1769528636347 0.678866446018219 26350
1769528651278 0.7141717672348022 26400
1769528666459 0.6905173063278198 26450
1769528681388 0.6788979768753052 26500
1769528696319 0.7308863401412964 26550
1769528711253 0.730863094329834 26600
1769528726190 0.6788172721862793 26650
1769528741126 0.6832587718963623 26700
1769528756057 0.6788005232810974 26750
1769528770996 0.690575122833252 26800
1769528785925 0.6831962466239929 26850
1769528800854 0.7308909296989441 26900
1769528815781 0.6905693411827087 26950
1769528830708 0.6906725168228149 27000
1769528845638 0.6832181215286255 27050
1769528860564 0.6774283647537231 27100
1769528875490 0.6774522066116333 27150
1769528890415 0.6832711696624756 27200
1769528905342 0.7009521722793579 27250
1769528920269 0.683204710483551 27300
1769528935196 0.7143486738204956 27350
1769528950124 0.7145141959190369 27400
1769528965050 0.7307630181312561 27450
1769528979973 0.6905851364135742 27500
1769528994901 0.6788069605827332 27550
1769529009828 0.7008209228515625 27600
1769529024754 0.6831187009811401 27650
1769529039697 0.7010335326194763 27700
1769529054626 0.6905981302261353 27750
1769529069553 0.7141618132591248 27800
1769529084481 0.6788652539253235 27850
1769529099407 0.7009842991828918 27900
1769529114335 0.6788360476493835 27950
1769529129262 0.7732959985733032 28000
1769529144234 0.6789325475692749 28050
1769529159164 0.7009684443473816 28100
1769529174156 0.6907006502151489 28150
1769529189137 0.7009479999542236 28200
1769529204101 0.7504811882972717 28250
1769529219042 0.7009016275405884 28300
1769529233965 0.6774742007255554 28350
1769529314934 0.6789087653160095 28400
1769529329914 0.7734719514846802 28450
1769529344880 0.6832526922225952 28500
1769529359847 0.6788364052772522 28550
1769529374817 0.6788889169692993 28600
1769529389783 0.6833162307739258 28650
1769529404751 0.7008868455886841 28700
1769529419722 0.6788619756698608 28750
1769529434685 0.7310425043106079 28800
1769529449647 0.678932785987854 28850
1769529464609 0.6788575649261475 28900
1769529479569 0.6832494139671326 28950
1769529494535 0.6833397746086121 29000
1769529509500 0.7009766101837158 29050
1769529524462 0.6773744821548462 29100
1769529539422 0.6906266808509827 29150
1769529554388 0.678862988948822 29200
1769529569350 0.6906535029411316 29250
1769529584317 0.6906214952468872 29300
1769529599284 0.6832528710365295 29350
1769529614246 0.6905472874641418 29400
1769529629210 0.6788539290428162 29450
1769529644173 0.6775299310684204 29500
1769529659141 0.7306642532348633 29550
1769529674105 0.6904794573783875 29600
1769529689063 0.6773744821548462 29650
1769529704020 0.6774176359176636 29700
1769529718981 0.7733924984931946 29750
1769529734000 0.6905688047409058 29800
1769529748963 0.7507846355438232 29850
1769529763922 0.6831969618797302 29900
1769529778884 0.6906647682189941 29950
1769529793847 0.6908895969390869 30000
1769529808809 0.677348256111145 30050
1769529823770 0.6788508892059326 30100
1769529838730 0.6832300424575806 30150
1769529853690 0.80003821849823 30200
1769529868648 0.7007683515548706 30250
1769529883607 0.7507690191268921 30300
1769529898567 0.7308691740036011 30350
1769529913525 0.6788839101791382 30400
1769529928483 0.6831790208816528 30450
1769529943445 0.6907119750976562 30500
1769529958404 0.7305647134780884 30550
1769529973370 0.7304803133010864 30600
1769529988329 0.6788572072982788 30650
1769530003291 0.6833652257919312 30700
1769530018274 0.6905759572982788 30750
1769530033234 0.6773711442947388 30800
1769530048197 0.6905049085617065 30850
1769530063157 0.690599799156189 30900
1769530078117 0.677327036857605 30950
1769530093077 0.6789618730545044 31000
1769530108033 0.690660297870636 31050
1769530122994 0.6905803084373474 31100
1769530137965 0.6905865669250488 31150
1769530213356 0.6787562370300293 31200
1769530228293 0.683359682559967 31250
1769530243225 0.6788202524185181 31300
1769530258158 0.7143633365631104 31350
1769530273088 0.829598069190979 31400
1769530288019 0.678945779800415 31450
1769530302948 0.6906101107597351 31500
1769530317880 0.6789660453796387 31550
1769530332812 0.6834689974784851 31600
1769530347744 0.7011867165565491 31650
1769530362676 0.6831657886505127 31700
1769530377607 0.7007951736450195 31750
1769530392537 0.7309265732765198 31800
1769530407471 0.8635590076446533 31850
1769530422405 0.6773555278778076 31900
1769530437345 0.7143068313598633 31950
1769530452283 0.7146706581115723 32000
1769530467231 0.7009742856025696 32050
1769530482166 0.6834478378295898 32100
1769530497107 0.750687837600708 32150
1769530512043 0.7142822742462158 32200
1769530526974 0.7009378671646118 32250
1769530541908 0.6789618730545044 32300
1769530556860 0.6788151860237122 32350
1769530571798 0.678957462310791 32400
1769530586735 0.6788970232009888 32450
1769530601670 0.7308244109153748 32500
1769530616602 0.6907143592834473 32550
1769530631529 0.6906579732894897 32600
1769530646463 0.6774356961250305 32650
1769530661396 0.7309796214103699 32700
1769530676329 0.68314129114151 32750
1769530691259 0.6788768172264099 32800
1769530706189 0.678858757019043 32850
1769530721118 0.6788244247436523 32900
1769530736050 0.678887128829956 32950
1769530750981 0.7309862375259399 33000
1769530765911 0.6904729604721069 33050
1769530780853 0.6788695454597473 33100
1769530795793 0.7504338026046753 33150
1769530810729 0.6773701310157776 33200
1769530825660 0.6788947582244873 33250
1769530840588 0.6832801103591919 33300
1769530855516 0.6832300424575806 33350
1769530870445 0.6832824945449829 33400
1769530885376 0.6832425594329834 33450
1769530900303 0.773510754108429 33500
1769530915231 0.7141333818435669 33550
1769530930166 0.68321692943573 33600
1769530945095 0.6832045316696167 33650
1769530960033 0.7736429572105408 33700
1769530974963 0.6905890107154846 33750
1769530989892 0.6832548379898071 33800
1769531004822 0.69056236743927 33850
1769531019755 0.6832124590873718 33900
1769531034690 0.7010587453842163 33950
1769531049634 0.7309342622756958 34000
1769531124917 0.714748740196228 34050
1769531139894 0.6789164543151855 34100
1769531154870 0.6831867694854736 34150
1769531169848 0.714443564414978 34200
1769531184815 0.6905986070632935 34250
1769531199784 0.6788356304168701 34300
1769531214754 0.6906790733337402 34350
1769531229722 0.6773986220359802 34400
1769531244688 0.7144292593002319 34450
1769531259656 0.6773625016212463 34500
1769531274627 0.6773779392242432 34550
1769531289589 0.6833378076553345 34600
1769531304550 0.6788239479064941 34650
1769531319508 0.6788458228111267 34700
1769531334463 0.8296105861663818 34750
1769531349432 0.6788455247879028 34800
1769531364391 0.6832796931266785 34850
1769531379348 0.683246374130249 34900
1769531394305 0.6832804679870605 34950
1769531409267 0.7309061288833618 35000
1769531424237 0.6905280351638794 35050
1769531439194 0.7008941173553467 35100
1769531454151 0.6832190752029419 35150
1769531469110 0.6787974834442139 35200
1769531484070 0.6832433938980103 35250
1769531499029 0.6774319410324097 35300
1769531513990 0.7503064870834351 35350
1769531528951 0.6904393434524536 35400
1769531543916 0.701323390007019 35450
1769531558874 0.6787880659103394 35500
1769531573834 0.6831753253936768 35550
1769531588797 0.7144518494606018 35600
1769531603763 0.6788698434829712 35650
1769531618726 0.6905125379562378 35700
1769531633691 0.7007455825805664 35750
1769531648656 0.6832840442657471 35800
1769531663621 0.678832471370697 35850
1769531678579 0.6790225505828857 35900
1769531693542 0.7009741067886353 35950
1769531708506 0.8298990726470947 36000
1769531723472 0.6794447302818298 36050
1769531738432 0.7007799744606018 36100
1769531753389 0.7139946222305298 36150
1769531768348 0.73082035779953 36200
1769531783306 0.683260440826416 36250
1769531798265 0.714237630367279 36300
1769531813225 0.6787915229797363 36350
1769531828183 0.6905258893966675 36400
1769531843145 0.6789247393608093 36450
1769531858104 0.6833466291427612 36500
1769531873064 0.6906932592391968 36550
1769531888025 0.6788153648376465 36600
1769531902984 0.7142056822776794 36650
1769531917943 0.6774489879608154 36700
1769531932902 0.6832727193832397 36750
1769531947865 0.690679669380188 36800
1769531962835 0.714391827583313 36850
1769532037049 0.6773355007171631 36900
1769532051981 0.6906734704971313 36950
1769532066912 0.6908427476882935 37000
1769532081843 0.6904281973838806 37050
1769532096771 0.6832828521728516 37100
1769532111704 0.6789679527282715 37150
1769532126636 0.6788398027420044 37200
1769532141568 0.6833837032318115 37250
1769532156502 0.6835319995880127 37300
1769532171434 0.6906495094299316 37350
1769532186368 0.6830922365188599 37400
1769532201300 0.6788261532783508 37450
1769532216230 0.750298023223877 37500
1769532231164 0.6788517832756042 37550
1769532246093 0.6906217336654663 37600
1769532261027 0.7506116628646851 37650
1769532275958 0.6832576990127563 37700
1769532290892 0.7144227027893066 37750
1769532305830 0.6774205565452576 37800
1769532320766 0.6905624270439148 37850
1769532335703 0.8299926519393921 37900
1769532350638 0.7309901118278503 37950
1769532365566 0.6788930892944336 38000
1769532380495 0.7736279368400574 38050
1769532395425 0.7145256996154785 38100
1769532410354 0.7996125221252441 38150
1769532425282 0.6832086443901062 38200
1769532440210 0.6774495244026184 38250
1769532455138 0.6788712739944458 38300
1769532470069 0.6773347854614258 38350
1769532485001 0.6905180811882019 38400
1769532499931 0.6788606643676758 38450
1769532514862 0.829911470413208 38500
1769532529795 0.7144543528556824 38550
1769532544753 0.678949236869812 38600
1769532559688 0.7308896780014038 38650
1769532574623 0.6906286478042603 38700
1769532589559 0.6788748502731323 38750
1769532604491 0.6773643493652344 38800
1769532619424 0.6833389401435852 38850
1769532634358 0.7503721714019775 38900
1769532649289 0.7310041785240173 38950
1769532664219 0.6788339614868164 39000
1769532679151 0.714347779750824 39050
1769532694083 0.7009382247924805 39100
1769532709022 0.7009625434875488 39150
1769532723958 0.7008920311927795 39200
1769532738889 0.6905888915061951 39250
1769532753818 0.7143449187278748 39300
1769532768748 0.6832748651504517 39350
1769532783681 0.6788228750228882 39400
1769532798612 0.6788394451141357 39450
1769532813543 0.6832766532897949 39500
1769532828476 0.678839921951294 39550
1769532843415 0.6788811683654785 39600
1769532858364 0.6788187623023987 39650
1769532873294 0.6833762526512146 39700
1769532947792 0.6774137616157532 39750
1769532962756 0.7508984804153442 39800
1769532977734 0.6832226514816284 39850
1769532992702 0.7008787393569946 39900
1769533007667 0.6788257360458374 39950
1769533022639 0.6788164973258972 40000
1769533037604 0.6833532452583313 40050
1769533052566 0.6791747808456421 40100
1769533067534 0.6831886768341064 40150
1769533082500 0.7143879532814026 40200
1769533097472 0.7009480595588684 40250
1769533112461 0.7507302761077881 40300
1769533127428 0.6831821203231812 40350
1769533142392 0.678861141204834 40400
1769533157363 0.6773290634155273 40450
1769533172327 0.6788153648376465 40500
1769533187287 0.6831722855567932 40550
1769533202252 0.690693736076355 40600
1769533217217 0.6832852363586426 40650
1769533232194 0.7739831209182739 40700
1769533247157 0.830245852470398 40750
1769533262127 0.6905685663223267 40800
1769533277095 0.6905392408370972 40850
1769533292057 0.7010719776153564 40900
1769533307021 0.7009624242782593 40950
1769533321982 0.7504091262817383 41000
1769533336945 0.6787956357002258 41050
1769533351913 0.6789230108261108 41100
1769533366879 0.6833315491676331 41150
1769533381841 0.6832970976829529 41200
1769533396803 0.6836633682250977 41250
1769533411767 0.7308289408683777 41300
1769533426731 0.7142839431762695 41350
1769533441691 0.7309629321098328 41400
1769533456658 0.6788656115531921 41450
1769533471622 0.7009357810020447 41500
1769533486586 0.6906300783157349 41550
1769533501553 0.690851092338562 41600
1769533516516 0.7505013942718506 41650
1769533531479 0.7312498092651367 41700
1769533546441 0.7506662607192993 41750
1769533561406 0.7011188268661499 41800
1769533576370 0.6904883980751038 41850
1769533591335 0.7011018991470337 41900
1769533606305 0.7999767065048218 41950
1769533621270 0.7147179245948792 42000
1769533636234 0.7144080400466919 42050
1769533651202 0.6831831336021423 42100
1769533666171 0.679012656211853 42150
1769533681143 0.6832137107849121 42200
1769533696108 0.6832800507545471 42250
1769533711071 0.8300689458847046 42300
1769533726036 0.6787090301513672 42350
1769533741005 0.6905308961868286 42400
1769533755977 0.6836553812026978 42450
1769533770951 0.6792930960655212 42500
1769533857350 0.7006646990776062 42550
1769533872291 0.6787989139556885 42600
1769533887234 0.6909876465797424 42650
1769533902175 0.6830847263336182 42700
1769533917116 0.7012183666229248 42750
1769533932055 0.7147651314735413 42800
1769533946994 0.8299880027770996 42850
1769533961933 0.6905184984207153 42900
1769533976871 0.683464765548706 42950
1769533991809 0.6907384395599365 43000
1769534006752 0.7142290472984314 43050
1769534021686 0.7507343292236328 43100
1769534036627 0.6832519173622131 43150
1769534051569 0.7506023049354553 43200
1769534066505 0.7730773091316223 43250
1769534081439 0.6830791234970093 43300
1769534096376 0.751306414604187 43350
1769534111314 0.7143124938011169 43400
1769534126255 0.6774673461914062 43450
1769534141194 0.6787479519844055 43500
1769534156132 0.7009819746017456 43550
1769534171065 0.6906931400299072 43600
1769534186000 0.6832245588302612 43650
1769534200933 0.6789289712905884 43700
1769534215906 0.6905175447463989 43750
1769534230847 0.6832451224327087 43800
1769534245785 0.7011843323707581 43850
1769534260719 0.690521240234375 43900
1769534275656 0.6788823008537292 43950
1769534290590 0.6906545162200928 44000
1769534305646 0.6831828355789185 44050
1769534320584 0.7307438254356384 44100
1769534335524 0.7008296251296997 44150
1769534350465 0.6830767393112183 44200
1769534365415 0.6788345575332642 44250
1769534380363 0.7146041393280029 44300
1769534395298 0.7009877562522888 44350
1769534410240 0.7008771896362305 44400
1769534425179 0.6788444519042969 44450
1769534440115 0.6833064556121826 44500
1769534455051 0.6788297891616821 44550
1769534470008 0.7307898998260498 44600
1769534484945 0.7734906077384949 44650
1769534499889 0.6773288249969482 44700
1769534514824 0.6832373738288879 44750
1769534529760 0.6773324012756348 44800
1769534544695 0.6787585020065308 44850
1769534559661 0.6905444860458374 44900
1769534574594 0.6778314113616943 44950
1769534589529 0.690647542476654 45000
1769534604466 0.6788002252578735 45050
1769534619399 0.6787910461425781 45100
1769534634335 0.750538170337677 45150
1769534649269 0.6906692981719971 45200
1769534664238 0.6787784099578857 45250
1769534679251 0.6907203197479248 45300
1769534694210 0.7504090070724487 45350
1769534789711 0.714297890663147 45400
1769534804685 0.714368462562561 45450
1769534819649 0.7735430002212524 45500
1769534834613 0.6906251907348633 45550
1769534849578 0.701031506061554 45600
1769534864558 0.6831952333450317 45650
1769534879523 0.677459716796875 45700
1769534894492 0.6831983327865601 45750
1769534909468 0.6789140701293945 45800
1769534924441 0.7306078672409058 45850
1769534939413 0.7145043611526489 45900
1769534954381 0.7310006618499756 45950
1769534969348 0.6773587465286255 46000
1769534984318 0.7007640600204468 46050
1769534999288 0.6832442283630371 46100
1769535014263 0.6831920146942139 46150
1769535029232 0.6906225681304932 46200
1769535044202 0.6789448261260986 46250
1769535059171 0.6773281693458557 46300
1769535074139 0.6830751895904541 46350
1769535089109 0.6831216812133789 46400
1769535104075 0.7145578861236572 46450
1769535119040 0.6836270093917847 46500
1769535134005 0.678795576095581 46550
1769535148968 0.6906152963638306 46600
1769535163935 0.6789316534996033 46650
1769535178899 0.6831179857254028 46700
1769535193864 0.7010049819946289 46750
1769535208829 0.6905441284179688 46800
1769535223794 0.6831163167953491 46850
1769535238761 0.7014309167861938 46900
1769535253729 0.7144830226898193 46950
1769535268693 0.6907920837402344 47000
1769535283660 0.7144582271575928 47050
1769535298623 0.683333158493042 47100
1769535313589 0.6831307411193848 47150
1769535328554 0.7998526096343994 47200
1769535343519 0.7143172025680542 47250
1769535358514 0.7010685205459595 47300
1769535373480 0.6789766550064087 47350
1769535388519 0.7510393857955933 47400
1769535403484 0.7013632655143738 47450
1769535418508 0.6788136959075928 47500
1769535433473 0.6774500012397766 47550
1769535448513 0.6831158399581909 47600
1769535463486 0.6788051128387451 47650
1769535478519 0.7503169775009155 47700
1769535493501 0.7736458778381348 47750
1769535508526 0.6772801280021667 47800
1769535523501 0.7009091377258301 47850
1769535538527 0.6832982301712036 47900
1769535553501 0.6787765622138977 47950
1769535568566 0.6833003759384155 48000
1769535583543 0.6830193996429443 48050
1769535598526 0.7750927805900574 48100
1769535613516 0.6905926465988159 48150
1769535628526 0.6772715449333191 48200
1769535708292 0.8000791072845459 48250
1769535723240 0.6908928155899048 48300
1769535738177 0.6772704720497131 48350
1769535753116 0.6829421520233154 48400
1769535768057 0.7014634609222412 48450
1769535782994 0.7142680883407593 48500
1769535797931 0.6772997379302979 48550
1769535812869 0.6792113780975342 48600
1769535827809 0.6903346180915833 48650
1769535842753 0.7140735387802124 48700
1769535857690 0.6772984266281128 48750
1769535872633 0.7009134292602539 48800
1769535887576 0.7138144969940186 48850
1769535902510 0.7011665105819702 48900
1769535917446 0.7307335138320923 48950
1769535932380 0.6837203502655029 49000
1769535947314 0.7006967067718506 49050
1769535962252 0.6902920007705688 49100
1769535977187 0.6832600831985474 49150
1769535992122 0.7301159501075745 49200
1769536007057 0.7151008248329163 49250
1769536021992 0.6831793785095215 49300
1769536036927 0.8295172452926636 49350
1769536051861 0.677709698677063 49400
1769536066834 0.6771953105926514 49450
1769536081771 0.6908643245697021 49500
1769536096705 0.6831778287887573 49550
1769536111638 0.6906434893608093 49600
1769536126574 0.7007277011871338 49650
1769536141512 0.7141340374946594 49700
1769536156451 0.6906610131263733 49750
1769536171392 0.6905938386917114 49800
1769536186328 0.7732622623443604 49850
1769536201264 0.7015262246131897 49900
1769536216202 0.7009974122047424 49950
1769536231138 0.7999537587165833 50000
1769536246071 0.7137314081192017 50050
1769536261006 0.8015849590301514 50100
1769536275938 0.6908186674118042 50150
1769536290874 0.6774251461029053 50200
1769536305810 0.6791245937347412 50250
1769536320745 0.7731353044509888 50300
1769536335679 0.6786091923713684 50350
1769536350614 0.7009389400482178 50400
1769536365551 0.6904840469360352 50450
1769536380486 0.6830602884292603 50500
1769536395422 0.7309196591377258 50550
1769536410353 0.7004008293151855 50600
1769536425286 0.6904895305633545 50650
1769536440228 0.7013809680938721 50700
1769536455167 0.6835534572601318 50750
1769536470103 0.6824035048484802 50800
1769536485058 0.6905419826507568 50850
1769536500002 0.6913537383079529 50900
1769536514940 0.7482891082763672 50950
1769536529886 0.7284817099571228 51000
1769536604476 0.7982189059257507 51050
1769536619476 0.7689235210418701 51100
1769536634466 0.6792137622833252 51150
1769536649447 0.6886144876480103 51200
1769536664417 0.6775825023651123 51250
1769536679392 0.7689011096954346 51300
1769536694364 0.769583523273468 51350
1769536709335 0.676824688911438 51400
1769536724313 0.7288180589675903 51450
1769536739286 0.6843034029006958 51500
1769536754261 0.6806617975234985 51550
1769536769233 0.6788713932037354 51600
1769536784213 0.7111546993255615 51650
1769536799187 0.6817774772644043 51700
1769536814159 0.6819750070571899 51750
1769536829134 0.6748359203338623 51800
1769536844102 0.7085551619529724 51850
1769536859070 0.7256639003753662 51900
1769536874038 0.6764683127403259 51950
1769536889003 0.6981356143951416 52000
1769536903972 0.6744970679283142 52050
1769536918937 0.6966259479522705 52100
1769536933905 0.6824383735656738 52150
1769536948875 0.6809974908828735 52200
1769536963843 0.7390047907829285 52250
1769536978813 0.6775113344192505 52300
1769536993789 0.7090107798576355 52350
1769537008766 0.6801733374595642 52400
1769537023742 0.6786878108978271 52450
1769537038713 0.6867666244506836 52500
1769537053684 0.6808498501777649 52550
1769537068658 0.7475332617759705 52600
1769537083634 0.6877279281616211 52650
1769537098610 0.685912549495697 52700
1769537113588 0.6781161427497864 52750
1769537128563 0.6822104454040527 52800
1769537143535 0.6809717416763306 52850
1769537158561 0.6798440217971802 52900
1769537173532 0.8029212951660156 52950
1769537188557 0.6847109198570251 53000
1769537203527 0.6798569560050964 53050
1769537218560 0.7041112184524536 53100
1769537233527 0.6798110008239746 53150
1769537248566 0.6954522132873535 53200
1769537263545 0.7390296459197998 53250
1769537278563 0.7002882957458496 53300
1769537293539 0.6936947107315063 53350
1769537308562 0.7375164031982422 53400
1769537323533 0.6985989212989807 53450
1769537338563 0.6795424222946167 53500
1769537353532 0.7063242793083191 53550
1769537368559 0.6742984056472778 53600
1769537383526 0.682470440864563 53650
1769537398556 0.7568885087966919 53700
1769537413526 0.6865095496177673 53750
1769537428562 0.6941843032836914 53800
1769537443541 0.6800195574760437 53850
1769537518142 0.7356531620025635 53900
1769537533080 0.6748090982437134 53950
1769537548021 0.7148618698120117 54000
1769537562960 0.7187830805778503 54050
1769537577895 0.6799889802932739 54100
1769537592834 0.719887375831604 54150
1769537607769 0.6755144596099854 54200
1769537622704 0.7041964530944824 54250
1769537637640 0.6762955188751221 54300
1769537652576 0.6726734638214111 54350
1769537667527 0.6719639301300049 54400
1769537682461 0.7149686813354492 54450
1769537697396 0.7347272634506226 54500
1769537712332 0.6861317157745361 54550
1769537727268 0.675402045249939 54600
1769537742208 0.6823399066925049 54650
1769537757143 0.6985756158828735 54700
1769537772078 0.6835213899612427 54750
1769537787012 0.6913239359855652 54800
1769537801945 0.6854038238525391 54850
1769537816880 0.6822493076324463 54900
1769537831815 0.6784815788269043 54950
1769537846748 0.6782792806625366 55000
1769537861680 0.6823415756225586 55050
1769537876612 0.7654380798339844 55100
1769537891548 0.7454277276992798 55150
1769537906482 0.6734552979469299 55200
1769537921418 0.7003728151321411 55250
1769537936352 0.6752793192863464 55300
1769537951285 0.6903584599494934 55350
1769537966219 0.7042772769927979 55400
1769537981151 0.6764973998069763 55450
1769537996082 0.6740454435348511 55500
1769538011015 0.677391529083252 55550
1769538025947 0.7724084854125977 55600
1769538040884 0.6777105927467346 55650
1769538055822 0.6712124347686768 55700
1769538070761 0.6658999919891357 55750
1769538085699 0.6854720115661621 55800
1769538100643 0.683841347694397 55850
1769538115583 0.6720296144485474 55900
1769538130520 0.6825904250144958 55950
1769538145456 0.6996164917945862 56000
1769538160391 0.6746662855148315 56050
1769538175332 0.6712477803230286 56100
1769538190271 0.7041071653366089 56150
1769538205206 0.6825951337814331 56200
1769538220142 0.7887593507766724 56250
1769538235080 0.6894364356994629 56300
1769538250026 0.6967724561691284 56350
1769538264969 0.6718994379043579 56400
1769538279907 0.6761906147003174 56450
1769538294846 0.675392746925354 56500
1769538309782 0.6672091484069824 56550
1769538324717 0.671959400177002 56600
1769538339654 0.6789476871490479 56650
1769538354600 0.6853805780410767 56700
1769520154504 0.7480164766311646 0
