1769520154504 36557.1796875 0
1769520169592 1747.322021484375 50
1769520184639 951.261962890625 100
1769520199686 815.40869140625 150
1769520214727 755.1927490234375 200
1769520229755 524.4119873046875 250
1769520244781 497.26458740234375 300
1769520259806 553.2816162109375 350
1769520274858 457.9522705078125 400
1769520289845 481.5578308105469 450
1769520304811 446.49664306640625 500
1769520319767 482.40057373046875 550
1769520334724 453.782958984375 600
1769520349682 418.3831787109375 650
1769520364639 408.74609375 700
1769520379600 400.06903076171875 750
1769520394594 367.3211364746094 800
1769520409587 382.625732421875 850
1769520424580 368.9269714355469 900
1769520439574 443.9177551269531 950
1769520454566 387.3139343261719 1000
1769520469560 312.2295227050781 1050
1769520484536 403.94610595703125 1100
1769520499501 340.4498596191406 1150
1769520514466 340.15869140625 1200
1769520529419 352.5933837890625 1250
1769520544378 367.56927490234375 1300
1769520559331 406.16558837890625 1350
1769520574285 378.2038879394531 1400
1769520589238 326.36688232421875 1450
1769520604193 334.36639404296875 1500
1769520619146 305.5958251953125 1550
1769520634103 378.61029052734375 1600
1769520649059 315.3058776855469 1650
1769520664023 332.3828125 1700
1769520678982 294.6148376464844 1750
1769520693939 291.37005615234375 1800
1769520708898 354.2579345703125 1850
1769520723855 295.1734619140625 1900
1769520738810 306.7669677734375 1950
1769520753764 306.8970031738281 2000
1769520768721 296.6612548828125 2050
1769520783677 327.6370849609375 2100
1769520798650 311.437255859375 2150
1769520813637 283.81744384765625 2200
1769520828612 326.82806396484375 2250
1769520843572 303.6125793457031 2300
1769520858533 297.5381774902344 2350
1769520873496 335.9339294433594 2400
1769520888450 314.8194885253906 2450
1769520903460 259.2132873535156 2500
1769520918455 332.7707214355469 2550
1769520933455 272.20440673828125 2600
1769520948454 302.9661865234375 2650
1769520963457 274.5545349121094 2700
1769520978455 294.29742431640625 2750
1769520993460 259.70465087890625 2800
1769521070052 308.43310546875 2850
1769521084974 303.7958068847656 2900
1769521099895 267.0732421875 2950
1769521114815 240.50814819335938 3000
1769521129738 264.4720458984375 3050
1769521144659 280.941162109375 3100
1769521159577 302.71966552734375 3150
1769521174500 252.71136474609375 3200
1769521189420 291.59283447265625 3250
1769521204341 263.7077941894531 3300
1769521219262 257.94232177734375 3350
1769521234185 288.904052734375 3400
1769521249105 273.2713623046875 3450
1769521264056 275.9622497558594 3500
1769521279042 245.886474609375 3550
1769521293995 262.4426574707031 3600
1769521308948 263.84637451171875 3650
1769521323897 439.1824035644531 3700
1769521338849 302.65020751953125 3750
1769521353802 293.357421875 3800
1769521368755 253.66563415527344 3850
1769521383705 242.18016052246094 3900
1769521398638 255.17337036132812 3950
1769521413557 271.40350341796875 4000
1769521428480 236.29302978515625 4050
1769521443422 272.86700439453125 4100
1769521458342 277.2575378417969 4150
1769521473261 261.7573547363281 4200
1769521488182 248.97608947753906 4250
1769521503100 231.65269470214844 4300
1769521518019 240.12857055664062 4350
1769521532938 237.09036254882812 4400
1769521547868 251.06597900390625 4450
1769521562788 229.66917419433594 4500
1769521577881 256.8313293457031 4550
1769521592805 260.7061767578125 4600
1769521607725 235.436767578125 4650
1769521622651 280.14202880859375 4700
1769521637575 234.0651397705078 4750
1769521652498 234.28555297851562 4800
1769521667471 271.75140380859375 4850
1769521682436 234.91688537597656 4900
1769521697391 238.13961791992188 4950
1769521712348 251.2823944091797 5000
1769521727304 241.08999633789062 5050
1769521742264 274.8042907714844 5100
1769521757222 240.99452209472656 5150
1769521772181 217.4696502685547 5200
1769521787131 226.269775390625 5250
1769521802053 219.81100463867188 5300
1769521816975 214.09573364257812 5350
1769521831899 263.0556640625 5400
1769521846818 245.47396850585938 5450
1769521861738 230.14370727539062 5500
1769521876716 208.27081298828125 5550
1769521891637 205.07736206054688 5600
1769521906610 212.20504760742188 5650
1769521981035 213.28103637695312 5700
1769521996024 221.27516174316406 5750
1769522010983 217.39984130859375 5800
1769522025946 211.1761474609375 5850
1769522040908 204.48915100097656 5900
1769522055871 215.5653076171875 5950
1769522070858 195.04759216308594 6000
1769522085904 216.5086669921875 6050
1769522100911 186.30758666992188 6100
1769522115917 203.54672241210938 6150
1769522130920 177.46942138671875 6200
1769522145923 247.58282470703125 6250
1769522160924 188.45907592773438 6300
1769522175928 196.57858276367188 6350
1769522190929 203.6482696533203 6400
1769522205905 194.37307739257812 6450
1769522220855 208.63348388671875 6500
1769522235801 201.90481567382812 6550
1769522250755 211.2923126220703 6600
1769522265709 189.4798126220703 6650
1769522280666 187.58457946777344 6700
1769522295619 195.70263671875 6750
1769522310570 185.64822387695312 6800
1769522325524 195.37582397460938 6850
1769522340475 177.05419921875 6900
1769522355427 185.74462890625 6950
1769522370386 184.38442993164062 7000
1769522385336 212.5422821044922 7050
1769522400285 178.64004516601562 7100
1769522415237 185.22708129882812 7150
1769522430188 192.01116943359375 7200
1769522445141 208.88937377929688 7250
1769522460091 1335.77001953125 7300
1769522475042 721.8411254882812 7350
1769522490043 386.43670654296875 7400
1769522505069 282.77056884765625 7450
1769522520069 233.89065551757812 7500
1769522535063 234.958251953125 7550
1769522550055 256.01055908203125 7600
1769522565046 213.86740112304688 7650
1769522580037 251.27978515625 7700
1769522595034 209.98753356933594 7750
1769522610024 221.76815795898438 7800
1769522624990 198.45790100097656 7850
1769522639947 268.3089599609375 7900
1769522654904 206.18450927734375 7950
1769522669861 1163.0086669921875 8000
1769522684814 242.62362670898438 8050
1769522699771 192.4446258544922 8100
1769522714743 259.350341796875 8150
1769522729699 227.19439697265625 8200
1769522744656 206.19671630859375 8250
1769522759666 192.840576171875 8300
1769522774636 219.51055908203125 8350
1769522789591 224.2694854736328 8400
1769522804558 274.6694030761719 8450
1769522819512 245.40213012695312 8500
1769522893904 212.93780517578125 8550
1769522908897 208.74786376953125 8600
1769522923858 900.310791015625 8650
1769522938818 286.8216247558594 8700
1769522953781 248.70663452148438 8750
1769522968750 182.68008422851562 8800
1769522983712 229.54225158691406 8850
1769522998678 193.66195678710938 8900
1769523013638 308.74072265625 8950
1769523028591 214.64028930664062 9000
1769523043516 231.1350860595703 9050
1769523058439 175.67933654785156 9100
1769523073364 222.37351989746094 9150
1769523088293 209.72698974609375 9200
1769523103219 181.80709838867188 9250
1769523118140 174.87197875976562 9300
1769523133061 198.97544860839844 9350
1769523147982 199.1603240966797 9400
1769523162903 196.08587646484375 9450
1769523177826 182.27999877929688 9500
1769523192749 168.298828125 9550
1769523207675 200.7017822265625 9600
1769523222599 186.7930145263672 9650
1769523237520 202.13314819335938 9700
1769523252445 187.73944091796875 9750
1769523267366 164.63963317871094 9800
1769523282287 186.34779357910156 9850
1769523297209 184.31646728515625 9900
1769523312186 182.20733642578125 9950
1769523327876 214.63136291503906 10000
1769523342836 186.68667602539062 10050
1769523357843 173.411865234375 10100
1769523372797 169.07553100585938 10150
1769523387755 187.7869873046875 10200
1769523402709 164.29083251953125 10250
1769523417662 168.09825134277344 10300
1769523432615 179.11935424804688 10350
1769523447539 178.36341857910156 10400
1769523462465 185.30076599121094 10450
1769523477391 188.05816650390625 10500
1769523492319 166.41114807128906 10550
1769523507253 186.22140502929688 10600
1769523522192 183.700927734375 10650
1769523537132 180.26177978515625 10700
1769523552071 169.53546142578125 10750
1769523567022 192.6494598388672 10800
1769523581962 185.04116821289062 10850
1769523596908 166.9705810546875 10900
1769523611849 164.71786499023438 10950
1769523626791 168.75262451171875 11000
1769523641733 200.7152862548828 11050
1769523656698 193.08807373046875 11100
1769523671680 189.64041137695312 11150
1769523686644 174.2456817626953 11200
1769523701611 164.96658325195312 11250
1769523716576 170.41229248046875 11300
1769523792418 158.93045043945312 11350
1769523807389 165.8599395751953 11400
1769523822360 193.24600219726562 11450
1769523837342 189.04283142089844 11500
1769523852315 190.90707397460938 11550
1769523867295 152.6963653564453 11600
1769523882283 161.22689819335938 11650
1769523897336 165.10870361328125 11700
1769523912367 243.16639709472656 11750
1769523927370 179.96202087402344 11800
1769523942370 169.9411163330078 11850
1769523957372 170.82687377929688 11900
1769523972371 186.88046264648438 11950
1769523987377 173.11451721191406 12000
1769524002378 163.64224243164062 12050
1769524017381 151.0631561279297 12100
1769524032347 165.32025146484375 12150
1769524047306 164.48069763183594 12200
1769524062272 159.105224609375 12250
1769524077230 178.905029296875 12300
1769524092190 164.03028869628906 12350
1769524107150 162.3971710205078 12400
1769524122113 159.6744384765625 12450
1769524137075 160.58029174804688 12500
1769524152036 185.57586669921875 12550
1769524167002 169.46484375 12600
1769524181984 178.72274780273438 12650
1769524196991 180.05767822265625 12700
1769524211949 164.67123413085938 12750
1769524226910 168.41677856445312 12800
1769524241870 163.14796447753906 12850
1769524256830 171.79800415039062 12900
1769524271791 163.6729736328125 12950
1769524286758 166.14413452148438 13000
1769524301721 169.03237915039062 13050
1769524316681 168.32073974609375 13100
1769524331643 169.74671936035156 13150
1769524346606 160.90432739257812 13200
1769524361565 170.41790771484375 13250
1769524376521 150.40850830078125 13300
1769524391481 164.95623779296875 13350
1769524406441 163.46612548828125 13400
1769524421403 160.059814453125 13450
1769524436366 158.45462036132812 13500
1769524451331 174.32933044433594 13550
1769524466296 158.63162231445312 13600
1769524481258 157.3389892578125 13650
1769524496223 153.3719024658203 13700
1769524511183 173.59231567382812 13750
1769524526145 156.28311157226562 13800
1769524541103 160.25094604492188 13850
1769524556062 154.49005126953125 13900
1769524571024 164.033935546875 13950
1769524585989 156.83468627929688 14000
1769524600948 165.5274658203125 14050
1769524615905 182.09130859375 14100
1769524630878 193.097900390625 14150
1769524705565 182.26220703125 14200
1769524720501 169.20281982421875 14250
1769524735433 163.23658752441406 14300
1769524750363 164.71737670898438 14350
1769524765292 171.73452758789062 14400
1769524780222 176.55853271484375 14450
1769524795151 187.7039794921875 14500
1769524810077 150.78030395507812 14550
1769524825005 151.107421875 14600
1769524839931 162.82931518554688 14650
1769524854856 168.1348876953125 14700
1769524869781 168.69781494140625 14750
1769524884706 180.34945678710938 14800
1769524899632 168.6587371826172 14850
1769524914562 163.93658447265625 14900
1769524929493 165.97381591796875 14950
1769524944430 172.50877380371094 15000
1769524959358 166.13340759277344 15050
1769524974288 160.35467529296875 15100
1769524989222 168.21543884277344 15150
1769525004157 155.8382568359375 15200
1769525019089 158.48458862304688 15250
1769525034020 186.54336547851562 15300
1769525048955 152.23011779785156 15350
1769525063886 163.2494354248047 15400
1769525078816 141.4933319091797 15450
1769525093743 160.21832275390625 15500
1769525108671 164.201904296875 15550
1769525123600 153.79412841796875 15600
1769525138533 149.78228759765625 15650
1769525153466 133.7183074951172 15700
1769525168393 147.76470947265625 15750
1769525183319 160.4533233642578 15800
1769525198248 152.4496612548828 15850
1769525213176 147.47158813476562 15900
1769525228106 155.19480895996094 15950
1769525243032 160.75674438476562 16000
1769525257964 155.8498077392578 16050
1769525272893 263.4485168457031 16100
1769525287824 172.14923095703125 16150
1769525302758 161.93173217773438 16200
1769525317687 164.6431427001953 16250
1769525332618 154.6148681640625 16300
1769525347546 162.75 16350
1769525362474 158.4930419921875 16400
1769525377404 146.38592529296875 16450
1769525392333 163.25128173828125 16500
1769525407258 157.117431640625 16550
1769525422199 152.93251037597656 16600
1769525437132 166.71023559570312 16650
1769525452062 160.75157165527344 16700
1769525466993 151.26531982421875 16750
1769525481925 162.80343627929688 16800
1769525496856 150.2901611328125 16850
1769525511786 176.62367248535156 16900
1769525526724 174.61224365234375 16950
1769525541655 161.16647338867188 17000
1769525677547 245.62109375 17050
1769525692521 175.1862030029297 17100
1769525707487 160.02163696289062 17150
1769525722448 162.99359130859375 17200
1769525737405 160.1448974609375 17250
1769525752367 146.43768310546875 17300
1769525767325 132.75259399414062 17350
1769525782285 154.11912536621094 17400
1769525797239 139.8817138671875 17450
1769525812196 149.85169982910156 17500
1769525827154 153.17245483398438 17550
1769525842111 156.22413635253906 17600
1769525857072 171.37130737304688 17650
1769525872039 138.56881713867188 17700
1769525886995 152.84335327148438 17750
1769525901952 153.7287139892578 17800
1769525916909 159.7774200439453 17850
1769525931867 154.08567810058594 17900
1769525946823 148.66940307617188 17950
1769525961788 149.35211181640625 18000
1769525976750 153.95352172851562 18050
1769525991706 148.0623321533203 18100
1769526006661 134.41123962402344 18150
1769526021619 139.73129272460938 18200
1769526036575 154.56939697265625 18250
1769526051534 152.3660888671875 18300
1769526066490 161.44564819335938 18350
1769526081449 159.8062286376953 18400
1769526096407 166.30429077148438 18450
1769526111365 140.92518615722656 18500
1769526126323 146.9376983642578 18550
1769526141277 160.2560577392578 18600
1769526156238 161.10818481445312 18650
1769526171199 138.374755859375 18700
1769526186156 161.58843994140625 18750
1769526201110 141.77975463867188 18800
1769526216064 156.15362548828125 18850
1769526231019 144.23526000976562 18900
1769526245975 138.01019287109375 18950
1769526260933 152.91477966308594 19000
1769526275889 145.75001525878906 19050
1769526290842 148.81483459472656 19100
1769526305793 160.47915649414062 19150
1769526320750 153.5113983154297 19200
1769526335706 156.37661743164062 19250
1769526350661 157.6485595703125 19300
1769526365617 155.05166625976562 19350
1769526380572 160.61415100097656 19400
1769526395530 141.4241485595703 19450
1769526410483 135.26528930664062 19500
1769526425439 145.85714721679688 19550
1769526440393 141.1019744873047 19600
1769526455346 153.57217407226562 19650
1769526470301 125.55982208251953 19700
1769526485256 152.27175903320312 19750
1769526500277 156.76632690429688 19800
1769526515224 149.31500244140625 19850
1769526589586 294.93304443359375 19900
1769526604516 154.34909057617188 19950
1769526619476 161.4956817626953 20000
1769526634406 154.46372985839844 20050
1769526649332 158.1196746826172 20100
1769526664255 153.82928466796875 20150
1769526679182 147.74209594726562 20200
1769526694108 137.04891967773438 20250
1769526709034 142.0465087890625 20300
1769526723959 157.31939697265625 20350
1769526738886 139.56158447265625 20400
1769526753810 139.333251953125 20450
1769526768734 134.7765350341797 20500
1769526783655 139.42044067382812 20550
1769526798581 157.21994018554688 20600
1769526813506 138.55599975585938 20650
1769526828428 144.06277465820312 20700
1769526843352 144.95506286621094 20750
1769526858275 157.4664306640625 20800
1769526873203 128.03076171875 20850
1769526888129 151.41607666015625 20900
1769526903057 153.8016357421875 20950
1769526917987 144.0955810546875 21000
1769526932918 150.43121337890625 21050
1769526947848 173.3728485107422 21100
1769526962776 142.63198852539062 21150
1769526977705 137.23519897460938 21200
1769526992637 152.19879150390625 21250
1769527007567 146.21871948242188 21300
1769527022499 143.4132080078125 21350
1769527037430 130.37583923339844 21400
1769527052364 150.99258422851562 21450
1769527067294 138.8431854248047 21500
1769527082225 157.7085418701172 21550
1769527097153 135.19952392578125 21600
1769527112083 136.2900390625 21650
1769527127009 146.55099487304688 21700
1769527141940 156.2178955078125 21750
1769527156872 148.609375 21800
1769527171807 155.00650024414062 21850
1769527186735 147.1390838623047 21900
1769527201662 156.34780883789062 21950
1769527216591 141.3002166748047 22000
1769527231518 145.57351684570312 22050
1769527246451 138.9824981689453 22100
1769527261381 136.57154846191406 22150
1769527276314 152.5616455078125 22200
1769527291245 147.7672119140625 22250
1769527306173 140.22186279296875 22300
1769527321107 141.00418090820312 22350
1769527336038 151.43798828125 22400
1769527350966 144.0071563720703 22450
1769527365934 140.68283081054688 22500
1769527380859 140.48739624023438 22550
1769527395788 143.9188690185547 22600
1769527410724 139.83416748046875 22650
1769527485036 149.15252685546875 22700
1769527499997 145.02548217773438 22750
1769527514963 151.07232666015625 22800
1769527529927 136.29428100585938 22850
1769527544887 146.71070861816406 22900
1769527559854 136.39697265625 22950
1769527574818 148.63619995117188 23000
1769527589774 143.0511474609375 23050
1769527604734 148.18301391601562 23100
1769527619694 142.2366180419922 23150
1769527634653 147.8748321533203 23200
1769527649612 129.01214599609375 23250
1769527664567 146.630859375 23300
1769527679527 142.5299835205078 23350
1769527694482 132.37521362304688 23400
1769527709438 132.75218200683594 23450
1769527724406 148.97512817382812 23500
1769527739367 149.3833465576172 23550
1769527754329 146.69363403320312 23600
1769527769283 147.88946533203125 23650
1769527784239 138.12831115722656 23700
1769527799193 140.48574829101562 23750
1769527814148 134.06459045410156 23800
1769527829107 134.69351196289062 23850
1769527844070 146.00723266601562 23900
1769527859026 152.79653930664062 23950
1769527873984 146.9459228515625 24000
1769527888943 137.27474975585938 24050
1769527903898 139.9821014404297 24100
1769527918856 141.93455505371094 24150
1769527933814 140.16259765625 24200
1769527948775 141.168701171875 24250
1769527963735 136.88653564453125 24300
1769527978701 142.9104461669922 24350
1769527993665 152.78915405273438 24400
1769528008625 133.5047149658203 24450
1769528023582 128.50323486328125 24500
1769528038538 142.85775756835938 24550
1769528053497 158.90223693847656 24600
1769528068458 156.18154907226562 24650
1769528083416 135.6943359375 24700
1769528098372 139.50534057617188 24750
1769528113330 130.68373107910156 24800
1769528128283 142.63583374023438 24850
1769528143238 144.259521484375 24900
1769528158193 153.72836303710938 24950
1769528173147 142.83535766601562 25000
1769528188149 135.99417114257812 25050
1769528203102 142.0375518798828 25100
1769528218058 143.85586547851562 25150
1769528233012 149.32992553710938 25200
1769528247967 124.93387603759766 25250
1769528262921 137.35916137695312 25300
1769528277875 134.68133544921875 25350
1769528292828 159.43336486816406 25400
1769528307785 135.87814331054688 25450
1769528322750 141.7754364013672 25500
1769528397417 150.0872802734375 25550
1769528412356 150.90780639648438 25600
1769528427295 145.20034790039062 25650
1769528442226 127.2549057006836 25700
1769528457158 134.20018005371094 25750
1769528472091 145.3041229248047 25800
1769528487024 135.83444213867188 25850
1769528501967 134.48013305664062 25900
1769528516899 150.2438507080078 25950
1769528531830 140.37216186523438 26000
1769528546763 135.9166259765625 26050
1769528561696 127.77055358886719 26100
1769528576629 142.10980224609375 26150
1769528591557 136.47698974609375 26200
1769528606489 141.8178253173828 26250
1769528621419 145.312255859375 26300
1769528636347 134.09176635742188 26350
1769528651278 133.0078582763672 26400
1769528666459 136.90029907226562 26450
1769528681388 132.3096466064453 26500
1769528696319 136.65963745117188 26550
1769528711253 127.59843444824219 26600
1769528726190 142.98690795898438 26650
1769528741126 130.76356506347656 26700
1769528756057 130.02088928222656 26750
1769528770996 128.10028076171875 26800
1769528785925 132.86099243164062 26850
1769528800854 136.97027587890625 26900
1769528815781 139.7759552001953 26950
1769528830708 133.1359405517578 27000
1769528845638 131.45196533203125 27050
1769528860564 142.59478759765625 27100
1769528875490 147.61155700683594 27150
1769528890415 129.77908325195312 27200
1769528905342 153.89315795898438 27250
1769528920269 123.50770568847656 27300
1769528935196 139.4212646484375 27350
1769528950124 136.8935546875 27400
1769528965050 122.97360229492188 27450
1769528979973 139.97506713867188 27500
1769528994901 138.27505493164062 27550
1769529009828 130.5522003173828 27600
1769529024754 116.91727447509766 27650
1769529039697 142.03578186035156 27700
1769529054626 148.049072265625 27750
1769529069553 150.0693359375 27800
1769529084481 139.36013793945312 27850
1769529099407 150.431640625 27900
1769529114335 138.24139404296875 27950
1769529129262 126.353271484375 28000
1769529144234 135.15875244140625 28050
1769529159164 128.49200439453125 28100
1769529174156 135.3332061767578 28150
1769529189137 137.516357421875 28200
1769529204101 177.1219940185547 28250
1769529219042 157.37135314941406 28300
1769529233965 140.21685791015625 28350
1769529314934 126.83425903320312 28400
1769529329914 120.70523071289062 28450
1769529344880 131.87924194335938 28500
1769529359847 156.62420654296875 28550
1769529374817 138.92327880859375 28600
1769529389783 143.1646728515625 28650
1769529404751 131.13473510742188 28700
1769529419722 147.446533203125 28750
1769529434685 161.00894165039062 28800
1769529449647 144.21754455566406 28850
1769529464609 123.62773895263672 28900
1769529479569 132.7418975830078 28950
1769529494535 137.58241271972656 29000
1769529509500 147.9264373779297 29050
1769529524462 137.31716918945312 29100
1769529539422 140.71014404296875 29150
1769529554388 133.89736938476562 29200
1769529569350 146.61851501464844 29250
1769529584317 143.97567749023438 29300
1769529599284 128.8524169921875 29350
1769529614246 127.95408630371094 29400
1769529629210 133.03103637695312 29450
1769529644173 128.62762451171875 29500
1769529659141 127.65010070800781 29550
1769529674105 127.47895050048828 29600
1769529689063 132.36732482910156 29650
1769529704020 143.49130249023438 29700
1769529718981 135.5059814453125 29750
1769529734000 134.91336059570312 29800
1769529748963 152.89105224609375 29850
1769529763922 119.98526000976562 29900
1769529778884 146.69432067871094 29950
1769529793847 133.82278442382812 30000
1769529808809 128.13287353515625 30050
1769529823770 150.26019287109375 30100
1769529838730 131.6492462158203 30150
1769529853690 139.7032470703125 30200
1769529868648 144.378173828125 30250
1769529883607 128.7156982421875 30300
1769529898567 128.35916137695312 30350
1769529913525 134.86151123046875 30400
1769529928483 139.7095947265625 30450
1769529943445 138.69273376464844 30500
1769529958404 123.7059326171875 30550
1769529973370 137.70660400390625 30600
1769529988329 134.9228973388672 30650
1769530003291 128.53245544433594 30700
1769530018274 122.42182922363281 30750
1769530033234 128.29457092285156 30800
1769530048197 137.5135955810547 30850
1769530063157 137.59957885742188 30900
1769530078117 134.86436462402344 30950
1769530093077 131.60385131835938 31000
1769530108033 145.98916625976562 31050
1769530122994 138.33425903320312 31100
1769530137965 135.31484985351562 31150
1769530213356 132.2019500732422 31200
1769530228293 151.51832580566406 31250
1769530243225 126.48458099365234 31300
1769530258158 132.83297729492188 31350
1769530273088 131.7149658203125 31400
1769530288019 130.05860900878906 31450
1769530302948 130.07327270507812 31500
1769530317880 137.26443481445312 31550
1769530332812 139.10028076171875 31600
1769530347744 132.36325073242188 31650
1769530362676 142.26429748535156 31700
1769530377607 141.5968017578125 31750
1769530392537 119.69313049316406 31800
1769530407471 133.9322967529297 31850
1769530422405 143.01788330078125 31900
1769530437345 122.46211242675781 31950
1769530452283 127.76612854003906 32000
1769530467231 131.20263671875 32050
1769530482166 133.4307861328125 32100
1769530497107 138.92567443847656 32150
1769530512043 127.29335021972656 32200
1769530526974 145.5338897705078 32250
1769530541908 129.60504150390625 32300
1769530556860 140.3024139404297 32350
1769530571798 134.74267578125 32400
1769530586735 140.69937133789062 32450
1769530601670 135.49209594726562 32500
1769530616602 115.84068298339844 32550
1769530631529 129.4153594970703 32600
1769530646463 134.65054321289062 32650
1769530661396 118.27685546875 32700
1769530676329 134.2243194580078 32750
1769530691259 142.01254272460938 32800
1769530706189 134.5247802734375 32850
1769530721118 135.67019653320312 32900
1769530736050 123.49990844726562 32950
1769530750981 149.04837036132812 33000
1769530765911 133.21292114257812 33050
1769530780853 128.02911376953125 33100
1769530795793 126.82622528076172 33150
1769530810729 133.6739501953125 33200
1769530825660 127.4693603515625 33250
1769530840588 135.169921875 33300
1769530855516 130.40188598632812 33350
1769530870445 125.71076202392578 33400
1769530885376 138.85386657714844 33450
1769530900303 140.7017822265625 33500
1769530915231 132.408203125 33550
1769530930166 135.5783233642578 33600
1769530945095 125.75088500976562 33650
1769530960033 124.44216918945312 33700
1769530974963 137.65765380859375 33750
1769530989892 148.72203063964844 33800
1769531004822 136.35255432128906 33850
1769531019755 136.32284545898438 33900
1769531034690 140.0218505859375 33950
1769531049634 142.29563903808594 34000
1769531124917 142.23138427734375 34050
1769531139894 128.0968475341797 34100
1769531154870 137.9909210205078 34150
1769531169848 140.158203125 34200
1769531184815 133.80963134765625 34250
1769531199784 125.6128158569336 34300
1769531214754 133.56443786621094 34350
1769531229722 129.19578552246094 34400
1769531244688 135.20045471191406 34450
1769531259656 141.28582763671875 34500
1769531274627 125.32379913330078 34550
1769531289589 133.2147979736328 34600
1769531304550 129.3955078125 34650
1769531319508 128.55548095703125 34700
1769531334463 126.01759338378906 34750
1769531349432 133.28884887695312 34800
1769531364391 139.25308227539062 34850
1769531379348 135.67758178710938 34900
1769531394305 149.55783081054688 34950
1769531409267 122.28131103515625 35000
1769531424237 123.6073989868164 35050
1769531439194 132.28689575195312 35100
1769531454151 143.92079162597656 35150
1769531469110 132.1941680908203 35200
1769531484070 133.59620666503906 35250
1769531499029 129.50045776367188 35300
1769531513990 125.06876373291016 35350
1769531528951 133.63417053222656 35400
1769531543916 140.33935546875 35450
1769531558874 136.28384399414062 35500
1769531573834 112.99224853515625 35550
1769531588797 139.2186279296875 35600
1769531603763 139.99224853515625 35650
1769531618726 125.1431655883789 35700
1769531633691 124.89939880371094 35750
1769531648656 134.86399841308594 35800
1769531663621 145.44422912597656 35850
1769531678579 126.56795501708984 35900
1769531693542 127.93399810791016 35950
1769531708506 129.10580444335938 36000
1769531723472 141.751220703125 36050
1769531738432 132.83349609375 36100
1769531753389 115.68360900878906 36150
1769531768348 149.78855895996094 36200
1769531783306 137.70584106445312 36250
1769531798265 128.37159729003906 36300
1769531813225 131.92518615722656 36350
1769531828183 133.95431518554688 36400
1769531843145 142.2916259765625 36450
1769531858104 131.74932861328125 36500
1769531873064 124.90953826904297 36550
1769531888025 134.4453887939453 36600
1769531902984 140.38272094726562 36650
1769531917943 127.56123352050781 36700
1769531932902 137.89700317382812 36750
1769531947865 128.18984985351562 36800
1769531962835 129.21612548828125 36850
1769532037049 137.85922241210938 36900
1769532051981 122.79937744140625 36950
1769532066912 137.63937377929688 37000
1769532081843 124.80815887451172 37050
1769532096771 141.7650146484375 37100
1769532111704 129.3800506591797 37150
1769532126636 137.21636962890625 37200
1769532141568 128.2764892578125 37250
1769532156502 133.64956665039062 37300
1769532171434 131.81509399414062 37350
1769532186368 123.13227844238281 37400
1769532201300 136.14276123046875 37450
1769532216230 135.33584594726562 37500
1769532231164 136.84530639648438 37550
1769532246093 136.0595703125 37600
1769532261027 115.37084197998047 37650
1769532275958 131.67529296875 37700
1769532290892 136.67530822753906 37750
1769532305830 121.366943359375 37800
1769532320766 126.53668212890625 37850
1769532335703 141.52029418945312 37900
1769532350638 143.9915771484375 37950
1769532365566 126.15772247314453 38000
1769532380495 115.96331787109375 38050
1769532395425 127.88795471191406 38100
1769532410354 123.51622009277344 38150
1769532425282 138.53892517089844 38200
1769532440210 137.32736206054688 38250
1769532455138 141.96798706054688 38300
1769532470069 128.4951934814453 38350
1769532485001 135.67613220214844 38400
1769532499931 135.78732299804688 38450
1769532514862 137.7578125 38500
1769532529795 126.22289276123047 38550
1769532544753 142.80731201171875 38600
1769532559688 122.38013458251953 38650
1769532574623 134.67835998535156 38700
1769532589559 134.67721557617188 38750
1769532604491 118.38440704345703 38800
1769532619424 123.37840270996094 38850
1769532634358 121.12158203125 38900
1769532649289 120.99462890625 38950
1769532664219 142.44949340820312 39000
1769532679151 131.46563720703125 39050
1769532694083 127.78373718261719 39100
1769532709022 117.1412353515625 39150
1769532723958 134.32701110839844 39200
1769532738889 143.36981201171875 39250
1769532753818 126.08290100097656 39300
1769532768748 131.30972290039062 39350
1769532783681 125.90721130371094 39400
1769532798612 132.04014587402344 39450
1769532813543 122.74207305908203 39500
1769532828476 129.14459228515625 39550
1769532843415 122.39984893798828 39600
1769532858364 125.95977020263672 39650
1769532873294 139.2491455078125 39700
1769532947792 133.94386291503906 39750
1769532962756 120.46406555175781 39800
1769532977734 132.2579803466797 39850
1769532992702 122.86798095703125 39900
1769533007667 131.22860717773438 39950
1769533022639 128.06698608398438 40000
1769533037604 126.82817840576172 40050
1769533052566 118.34054565429688 40100
1769533067534 123.54014587402344 40150
1769533082500 115.18814086914062 40200
1769533097472 135.5211181640625 40250
1769533112461 137.6249237060547 40300
1769533127428 119.94041442871094 40350
1769533142392 140.44549560546875 40400
1769533157363 133.48947143554688 40450
1769533172327 131.0167999267578 40500
1769533187287 126.98177337646484 40550
1769533202252 125.58917236328125 40600
1769533217217 149.025146484375 40650
1769533232194 142.01361083984375 40700
1769533247157 140.1361083984375 40750
1769533262127 126.96524047851562 40800
1769533277095 126.82853698730469 40850
1769533292057 131.10765075683594 40900
1769533307021 127.17523193359375 40950
1769533321982 118.3798828125 41000
1769533336945 129.2493896484375 41050
1769533351913 128.7847137451172 41100
1769533366879 132.45071411132812 41150
1769533381841 133.38328552246094 41200
1769533396803 144.52371215820312 41250
1769533411767 137.6806640625 41300
1769533426731 134.55308532714844 41350
1769533441691 140.47718811035156 41400
1769533456658 131.36895751953125 41450
1769533471622 131.19039916992188 41500
1769533486586 135.10910034179688 41550
1769533501553 134.04888916015625 41600
1769533516516 109.76363372802734 41650
1769533531479 122.57637023925781 41700
1769533546441 134.35186767578125 41750
1769533561406 123.60420227050781 41800
1769533576370 130.40805053710938 41850
1769533591335 138.39242553710938 41900
1769533606305 126.77171325683594 41950
1769533621270 127.3167724609375 42000
1769533636234 134.25384521484375 42050
1769533651202 127.69219970703125 42100
1769533666171 115.6623306274414 42150
1769533681143 128.48147583007812 42200
1769533696108 130.62521362304688 42250
1769533711071 111.2020034790039 42300
1769533726036 132.89674377441406 42350
1769533741005 131.9639892578125 42400
1769533755977 135.44300842285156 42450
1769533770951 139.57949829101562 42500
1769533857350 122.88076782226562 42550
1769533872291 134.21304321289062 42600
1769533887234 140.30300903320312 42650
1769533902175 125.01927185058594 42700
1769533917116 134.45472717285156 42750
1769533932055 126.13676452636719 42800
1769533946994 145.01109313964844 42850
1769533961933 128.38363647460938 42900
1769533976871 122.42753601074219 42950
1769533991809 127.44113159179688 43000
1769534006752 142.8984375 43050
1769534021686 126.30111694335938 43100
1769534036627 126.45635223388672 43150
1769534051569 129.32644653320312 43200
1769534066505 115.57139587402344 43250
1769534081439 125.85968780517578 43300
1769534096376 138.2667236328125 43350
1769534111314 121.22566223144531 43400
1769534126255 128.11703491210938 43450
1769534141194 113.24632263183594 43500
1769534156132 126.01630401611328 43550
1769534171065 133.3075408935547 43600
1769534186000 136.4741668701172 43650
1769534200933 127.68463897705078 43700
1769534215906 115.302978515625 43750
1769534230847 135.59889221191406 43800
1769534245785 125.49592590332031 43850
1769534260719 124.5592269897461 43900
1769534275656 129.62799072265625 43950
1769534290590 128.72674560546875 44000
1769534305646 139.25514221191406 44050
1769534320584 138.5575714111328 44100
1769534335524 132.41876220703125 44150
1769534350465 126.97415161132812 44200
1769534365415 125.83707427978516 44250
1769534380363 129.71286010742188 44300
1769534395298 136.16632080078125 44350
1769534410240 125.41493225097656 44400
1769534425179 131.28932189941406 44450
1769534440115 130.24447631835938 44500
1769534455051 114.95913696289062 44550
1769534470008 128.63287353515625 44600
1769534484945 131.11669921875 44650
1769534499889 137.40261840820312 44700
1769534514824 142.2621612548828 44750
1769534529760 121.50178527832031 44800
1769534544695 133.43954467773438 44850
1769534559661 135.19786071777344 44900
1769534574594 118.13507843017578 44950
1769534589529 128.7148895263672 45000
1769534604466 124.15250396728516 45050
1769534619399 115.01416015625 45100
1769534634335 121.83369445800781 45150
1769534649269 134.41952514648438 45200
1769534664238 118.34138488769531 45250
1769534679251 124.79850769042969 45300
1769534694210 131.6129913330078 45350
1769534789711 122.748779296875 45400
1769534804685 127.66482543945312 45450
1769534819649 110.3738784790039 45500
1769534834613 128.2532958984375 45550
1769534849578 122.37646484375 45600
1769534864558 117.72978210449219 45650
1769534879523 144.87078857421875 45700
1769534894492 138.8620147705078 45750
1769534909468 133.6539306640625 45800
1769534924441 120.77513885498047 45850
1769534939413 136.23226928710938 45900
1769534954381 147.6021270751953 45950
1769534969348 131.12759399414062 46000
1769534984318 115.70426940917969 46050
1769534999288 135.9062042236328 46100
1769535014263 144.54229736328125 46150
1769535029232 144.67691040039062 46200
1769535044202 136.350341796875 46250
1769535059171 157.91519165039062 46300
1769535074139 127.13958740234375 46350
1769535089109 147.2576904296875 46400
1769535104075 125.1008529663086 46450
1769535119040 136.1334228515625 46500
1769535134005 142.60305786132812 46550
1769535148968 126.98001861572266 46600
1769535163935 131.22714233398438 46650
1769535178899 136.77725219726562 46700
1769535193864 131.39300537109375 46750
1769535208829 123.9409408569336 46800
1769535223794 128.49661254882812 46850
1769535238761 134.0784912109375 46900
1769535253729 132.6881103515625 46950
1769535268693 132.3949432373047 47000
1769535283660 125.1269302368164 47050
1769535298623 121.56512451171875 47100
1769535313589 131.333740234375 47150
1769535328554 115.66658782958984 47200
1769535343519 134.92367553710938 47250
1769535358514 128.7597198486328 47300
1769535373480 151.84751892089844 47350
1769535388519 131.83157348632812 47400
1769535403484 121.22162628173828 47450
1769535418508 137.5319366455078 47500
1769535433473 113.92604064941406 47550
1769535448513 133.01638793945312 47600
1769535463486 115.16484069824219 47650
1769535478519 116.78948974609375 47700
1769535493501 126.58112335205078 47750
1769535508526 121.59960174560547 47800
1769535523501 132.07199096679688 47850
1769535538527 135.34152221679688 47900
1769535553501 107.52384948730469 47950
1769535568566 134.62109375 48000
1769535583543 128.4269561767578 48050
1769535598526 122.86361694335938 48100
1769535613516 127.65243530273438 48150
1769535628526 133.3042755126953 48200
1769535708292 122.57962036132812 48250
1769535723240 124.21928405761719 48300
1769535738177 127.71003723144531 48350
1769535753116 122.06097412109375 48400
1769535768057 139.6778564453125 48450
1769535782994 129.38531494140625 48500
1769535797931 130.34544372558594 48550
1769535812869 121.80064392089844 48600
1769535827809 124.46031951904297 48650
1769535842753 132.60150146484375 48700
1769535857690 131.67333984375 48750
1769535872633 116.15477752685547 48800
1769535887576 136.76043701171875 48850
1769535902510 123.59130859375 48900
1769535917446 134.88064575195312 48950
1769535932380 127.10895538330078 49000
1769535947314 122.01277160644531 49050
1769535962252 132.83840942382812 49100
1769535977187 118.70275115966797 49150
1769535992122 126.03492736816406 49200
1769536007057 127.4596176147461 49250
1769536021992 143.3602294921875 49300
1769536036927 116.6318588256836 49350
1769536051861 127.26739501953125 49400
1769536066834 131.55007934570312 49450
1769536081771 128.70303344726562 49500
1769536096705 125.99915313720703 49550
1769536111638 136.72027587890625 49600
1769536126574 122.05667114257812 49650
1769536141512 118.63841247558594 49700
1769536156451 138.67860412597656 49750
1769536171392 119.66592407226562 49800
1769536186328 115.2823715209961 49850
1769536201264 126.12771606445312 49900
1769536216202 130.4230194091797 49950
1769536231138 132.45339965820312 50000
1769536246071 136.7818603515625 50050
1769536261006 124.58929443359375 50100
1769536275938 138.41627502441406 50150
1769536290874 127.82817840576172 50200
1769536305810 139.5509796142578 50250
1769536320745 131.4486541748047 50300
1769536335679 123.60514831542969 50350
1769536350614 118.78152465820312 50400
1769536365551 133.35693359375 50450
1769536380486 135.11398315429688 50500
1769536395422 118.98626708984375 50550
1769536410353 137.31002807617188 50600
1769536425286 122.28665161132812 50650
1769536440228 128.44732666015625 50700
1769536455167 117.11937713623047 50750
1769536470103 125.49462127685547 50800
1769536485058 139.25437927246094 50850
1769536500002 106.65922546386719 50900
1769536514940 129.97528076171875 50950
1769536529886 132.32723999023438 51000
1769536604476 138.05511474609375 51050
1769536619476 131.4423828125 51100
1769536634466 122.95206451416016 51150
1769536649447 128.49673461914062 51200
1769536664417 127.15370178222656 51250
1769536679392 128.49351501464844 51300
1769536694364 122.06558990478516 51350
1769536709335 128.34841918945312 51400
1769536724313 127.64094543457031 51450
1769536739286 123.38847351074219 51500
1769536754261 131.77345275878906 51550
1769536769233 124.41281127929688 51600
1769536784213 120.819091796875 51650
1769536799187 132.21566772460938 51700
1769536814159 132.06072998046875 51750
1769536829134 117.87921142578125 51800
1769536844102 121.47138977050781 51850
1769536859070 117.61216735839844 51900
1769536874038 120.3380355834961 51950
1769536889003 125.75387573242188 52000
1769536903972 114.58089447021484 52050
1769536918937 136.28173828125 52100
1769536933905 120.36051940917969 52150
1769536948875 125.48028564453125 52200
1769536963843 124.54061889648438 52250
1769536978813 131.56134033203125 52300
1769536993789 136.33023071289062 52350
1769537008766 125.4515151977539 52400
1769537023742 128.9639434814453 52450
1769537038713 124.18458557128906 52500
1769537053684 133.81680297851562 52550
1769537068658 136.64810180664062 52600
1769537083634 115.14144897460938 52650
1769537098610 120.17681884765625 52700
1769537113588 131.43630981445312 52750
1769537128563 133.51344299316406 52800
1769537143535 115.39762878417969 52850
1769537158561 118.31791687011719 52900
1769537173532 132.69287109375 52950
1769537188557 134.43679809570312 53000
1769537203527 128.86236572265625 53050
1769537218560 138.814453125 53100
1769537233527 144.1667938232422 53150
1769537248566 116.58000183105469 53200
1769537263545 122.2232894897461 53250
1769537278563 141.3743438720703 53300
1769537293539 120.15689849853516 53350
1769537308562 117.74945068359375 53400
1769537323533 123.49687194824219 53450
1769537338563 126.545654296875 53500
1769537353532 130.47491455078125 53550
1769537368559 122.54266357421875 53600
1769537383526 126.64834594726562 53650
1769537398556 128.33335876464844 53700
1769537413526 121.46024322509766 53750
1769537428562 124.3717041015625 53800
1769537443541 131.34808349609375 53850
1769537518142 105.88677978515625 53900
1769537533080 137.67234802246094 53950
1769537548021 121.56764221191406 54000
1769537562960 113.45024108886719 54050
1769537577895 121.52639770507812 54100
1769537592834 125.99022674560547 54150
1769537607769 119.32390594482422 54200
1769537622704 121.70283508300781 54250
1769537637640 135.10675048828125 54300
1769537652576 130.72247314453125 54350
1769537667527 121.4720458984375 54400
1769537682461 126.02058410644531 54450
1769537697396 147.854736328125 54500
1769537712332 124.70430755615234 54550
1769537727268 139.16192626953125 54600
1769537742208 127.96210479736328 54650
1769537757143 120.989501953125 54700
1769537772078 133.46060180664062 54750
1769537787012 123.26746368408203 54800
1769537801945 136.52914428710938 54850
1769537816880 133.00685119628906 54900
1769537831815 135.75596618652344 54950
1769537846748 125.21765899658203 55000
1769537861680 124.04046630859375 55050
1769537876612 125.91246795654297 55100
1769537891548 120.07844543457031 55150
1769537906482 132.90255737304688 55200
1769537921418 117.89823913574219 55250
1769537936352 126.4273681640625 55300
1769537951285 122.69438171386719 55350
1769537966219 122.31920623779297 55400
1769537981151 123.18521118164062 55450
1769537996082 129.51145935058594 55500
1769538011015 120.7699966430664 55550
1769538025947 129.07627868652344 55600
1769538040884 121.3543701171875 55650
1769538055822 135.4068603515625 55700
1769538070761 125.59007263183594 55750
1769538085699 125.59567260742188 55800
1769538100643 126.90308380126953 55850
1769538115583 129.6426544189453 55900
1769538130520 129.17428588867188 55950
1769538145456 124.31694030761719 56000
1769538160391 120.988037109375 56050
1769538175332 114.57298278808594 56100
1769538190271 128.44754028320312 56150
1769538205206 112.6589584350586 56200
1769538220142 111.27099609375 56250
1769538235080 121.06602478027344 56300
1769538250026 133.23390197753906 56350
1769538264969 124.13334655761719 56400
1769538279907 123.82780456542969 56450
1769538294846 130.76303100585938 56500
1769538309782 117.39073944091797 56550
1769538324717 123.95867919921875 56600
1769538339654 128.4091796875 56650
1769538354600 127.75459289550781 56700
1769520154504 36557.1796875 0
